Case #1:
10000000000000000000000011000001 3 2 5 2 7 2 3 2 11
10000000000000000000000011000011 17 677 7 4261 5 79 11 83 1751477323787
10000000000000000000000011000111 3 2 3 2 7 2 3 2 3
10000000000000000000000011001011 73 2 3 2 11 2 1789 2 3
10000000000000000000000011001101 3 2 3 2 7 2 3 2 3
10000000000000000000000011001111 11 11 199 2676022103 109 5 7 107 2549
10000000000000000000000011010011 3 2 3 2 7 2 3 2 3
10000000000000000000000011010101 191 2 3 2 173 2 37 2 3
10000000000000000000000011010111 217 11953 13 171207227 13 11 7 7 342253573
10000000000000000000000011011001 3 2 3 2 7 2 3 2 3
10000000000000000000000011011111 3 2 7 2 7 2 3 2 11
10000000000000000000000011100001 97 1433 149 17 25 12569 947 19 13
10000000000000000000000011100011 125 2 3 2 37 2 5 2 3
10000000000000000000000011100101 3 2 3 2 7 2 3 2 3
10000000000000000000000011101011 3 31 269 3 79 14813 3 5077 443
10000000000000000000000011101101 5 7 5861 11 10007 5 7 23 7
10000000000000000000000011110001 3 2 3 2 7 2 3 2 3
10000000000000000000000011110011 7 139 11 151 132667 13 7 7 13
10000000000000000000000011110111 3 2 5 2 7 2 3 2 31
10000000000000000000000011111011 11 2 7 2 13 2 1787 2 8101
10000000000000000000000011111101 3 2 5 2 7 2 3 2 11
10000000000000000000000011111111 28619 7 3 37 11 3 41 69627165436663 3
10000000000000000000000100000001 7 13 3 31 11 3 53 7 3
10000000000000000000000100000011 3 2 5 2 7 2 3 2 11
10000000000000000000000100000101 47 2 383 2 19 2 350429 2 103
10000000000000000000000100000111 19 27941 471267323 1133938703 5 3432135533 157 19 13
10000000000000000000000100001001 3 2 5 2 7 2 3 2 11
10000000000000000000000100001101 131 7 19 41 25 3819353 5 13313753 7
10000000000000000000000100001111 3 2 3 2 7 2 3 2 3
10000000000000000000000100010001 11 2 191 2 89 2 5 2 113
10000000000000000000000100010011 13 73 163 131 2425 13 37 6481 47
10000000000000000000000100010101 3 11 31 3 5 5 3 11 41
10000000000000000000000100010111 2293 2 3 2 383 2 5749484340869 2 3
10000000000000000000000100011011 3 2 3 2 7 2 3 2 3
10000000000000000000000100011101 7 2 3 2 43 2 11 2 3
10000000000000000000000100011111 5 7 17273329 67 498313679 5 7 7759 7
10000000000000000000000100100001 3 2 5 2 7 2 3 2 11
10000000000000000000000100100011 79 7 113369981 89 5 1697 5 167 7
10000000000000000000000100100101 43 79 67 19085800207 5 53 11 43 4956691
10000000000000000000000100100111 3 2 3 2 7 2 3 2 3
10000000000000000000000100101001 5 239 2711 131 5 5 199 113 359
10000000000000000000000100101011 7 2 3 2 43 2 73 2 3
10000000000000000000000100101101 3 2 3 2 7 2 3 2 3
10000000000000000000000100110011 3 2 3 2 7 2 3 2 3
10000000000000000000000100110101 439 2 3 2 11 2 491 2 3
10000000000000000000000100111001 3 2 3 2 217 2 3 2 3
10000000000000000000000100111101 11 105499 29 47 41 5 7 101 19
10000000000000000000000100111111 3 2 5 2 7 2 3 2 31
10000000000000000000000101000011 6379 211 11 149 11 54292741 79 17 43
10000000000000000000000101000111 7 2 3 2 97 2 25 2 3
10000000000000000000000101001001 103 5 17569 23 5 17 5 31 8230109
10000000000000000000000101001011 3 2 3 2 7 2 3 2 3
10000000000000000000000101010011 31 2 3 2 29 2 8531281734953 2 3
10000000000000000000000101010101 7 2 3 2 43 2 73 2 3
10000000000000000000000101010111 3 44741 151 3 18022141 4789 3 23 31
10000000000000000000000101011101 3 5 197 3 6317873 41 3 293 5813
10000000000000000000000101100011 3 2 3 2 7 2 3 2 3
10000000000000000000000101100101 5 2 3 2 5809 2 5 2 3
10000000000000000000000101101001 3 2 3 2 7 2 3 2 3
10000000000000000000000101101011 2377 7 157 17 13 313 7 10504561 7
10000000000000000000000101101111 3 2 5 2 7 2 3 2 11
10000000000000000000000101110001 7 2 3 2 43 2 73 2 3
10000000000000000000000101110101 3 19 43 3 89 13 3 167 239
10000000000000000000000101110111 199 2 967 2 11 2 1312584319 2 7
10000000000000000000000101111011 3 2 5 2 7 2 3 2 11
10000000000000000000000101111111 7 31 3 31 43 3 43 7 3
10000000000000000000000110000001 3 2 25 2 7 2 3 2 11
10000000000000000000000110000011 5 41131 172849 353 5 5 7873 227 193
10000000000000000000000110000111 3 2 3 2 7 2 3 2 3
10000000000000000000000110001101 3 2 3 2 7 2 3 2 3
10000000000000000000000110010001 31 11 31 11 5 2801 31 11 107
10000000000000000000000110010011 3 2 3 2 7 2 3 2 3
10000000000000000000000110010101 11 2 3 2 79 2 23 2 3
10000000000000000000000110010111 5 41 7 337 19 5 7 53003 13
10000000000000000000000110011001 3 2 3 2 7 2 3 2 3
10000000000000000000000110011011 7 23 302143957 7 1063 29 7 217 35157907826831
10000000000000000000000110011111 3 2 5 2 7 2 3 2 11
10000000000000000000000110100001 5 7 19 1783 5 11 4517 29 7
10000000000000000000000110100011 97 2 3 2 13 2 59 2 3
10000000000000000000000110100101 3 2 3 2 7 2 3 2 3
10000000000000000000000110101001 7 2 3 2 43 2 73 2 3
10000000000000000000000110101111 13 2 7211 2 53 2 17183 2 13
10000000000000000000000110110001 3 2 3 2 7 2 3 2 3
10000000000000000000000110110111 3 2 125 2 7 2 3 2 11
10000000000000000000000110111001 283 83 89 7099719413 4618069 10834973 7 19 1483
10000000000000000000000110111101 3 2 5 2 7 2 3 2 11
10000000000000000000000111000001 11 25 13 43 5 29 5 23 19
10000000000000000000000111000011 3 2 3 2 7 2 3 2 3
10000000000000000000000111000101 7 2 3 2 43 2 73 2 3
10000000000000000000000111000111 977 11 29 421 11 131 7 337 17
10000000000000000000000111001001 3 2 3 2 7 2 3 2 3
10000000000000000000000111001111 3 2 5 2 7 2 3 2 7
10000000000000000000000111010001 43 2 3 2 11 2 1064303831 2 3
10000000000000000000000111010011 7 19 13 61 59 5 7 7 2069
10000000000000000000000111010101 3 5 19 3 29 2515968509 3 16561 1219
10000000000000000000000111011011 3 2 7 2 7 2 3 2 11
10000000000000000000000111011111 1051 5 3 17 1237 3 5 23489 3
10000000000000000000000111100001 3 2 3 2 7 2 3 2 3
10000000000000000000000111100101 29 53 13 11 17 21787 7 1823 19423
10000000000000000000000111100111 3 2 11 2 7 2 3 2 11
10000000000000000000000111101001 461 7 11 29 1817502473 5059 7 43 7
10000000000000000000000111101011 19 2 13 2 13163 2 23 2 41
10000000000000000000000111101101 3 2 25 2 7 2 3 2 11
10000000000000000000000111101111 7 13 3 31 817 3 31 7 3
10000000000000000000000111110011 3 2 5 2 7 2 3 2 11
10000000000000000000000111110101 83 2 163 2 1979 2 113 2 7
10000000000000000000000111111001 3 2 5 2 7 2 3 2 11
10000000000000000000000111111101 7 5 3 31 43 3 5 7 3
10000000000000000000000111111111 3 2 5 2 7 2 3 2 11
10000000000000000000001000000011 11 2 409 2 191 2 1966628094427 2 2539
10000000000000000000001000000101 3 2 5 2 7 2 3 2 11
10000000000000000000001000001001 8849 2 7 2 19427 2 11 2 17
10000000000000000000001000001011 3 17 173 3 11 30043748821 3 7 43
10000000000000000000001000001101 31 11 31 11 5 17 31 11 5371
10000000000000000000001000001111 25 2 3 2 37 2 5 2 3
10000000000000000000001000010001 3 2 11 2 217 2 3 2 7
10000000000000000000001000010101 37 43891 23 281 5 26701 269 19 2185215679
10000000000000000000001000010111 3 2 3 2 7 2 3 2 3
10000000000000000000001000011011 6421 2 3 2 269 2 7333 2 3
10000000000000000000001000011101 3 2 3 2 7 2 3 2 3
10000000000000000000001000100011 3 31 11437 3 5 11 3 53 31
10000000000000000000001000100111 7 2 3 2 43 2 563 2 3
10000000000000000000001000101001 3 7 13 3 31 43 3 37 7
10000000000000000000001000101101 5 2 3 2 37 2 5 2 3
10000000000000000000001000101111 3 131 1009 3 13 1525192728623 3 76249 379
10000000000000000000001000110001 13 5 265662937 83 25 4127381 5 27944235563