Case #1:
10000000000000000000000000000001 3 2 5 2 7 2 3 2 11
10000000000000000000000000000011 83 7 3 11 23 3 569 173 21
10000000000000000000000000000101 7 13 21 31 43 3 73 7 3
10000000000000000000000000000111 3 2 25 2 7 2 3 2 11
10000000000000000000000000001001 11 31 3 67 1152846547 3 5 89 3
10000000000000000000000000001101 3 2 5 2 7 2 3 2 11
10000000000000000000000000001111 37 149 197123 7 5 11 859 479 1021
10000000000000000000000000010001 5 67 3 43 4423 3 6197 127 3
10000000000000000000000000010011 21 2 5 2 7 2 3 2 11
10000000000000000000000000010101 29 2 397 2 193 2 11 2 13513
10000000000000000000000000011001 3 2 25 2 7 2 3 2 7
10000000000000000000000000011101 31 11 341 11 5 419 31 11 41
10000000000000000000000000011111 3 2 3 2 7 2 3 2 3
10000000000000000000000000100001 7 13 21 31 43 3 73 7 3
10000000000000000000000000100011 19 2 89 2 17 2 1180877 2 36473
10000000000000000000000000100101 3 2 11 2 7 2 3 2 11
10000000000000000000000000101001 13 2 24989 2 19571 2 59 2 2662067
10000000000000000000000000101011 3 163 19 3 5 151 3 149 1723
10000000000000000000000000101111 7 2 21 2 11 2 5 2 3
10000000000000000000000000110001 3 2 5 2 7 2 3 2 11
10000000000000000000000000110111 3 2 3 2 7 2 3 2 3
10000000000000000000000000111001 5 317 47 23 11 5 83 523 31
10000000000000000000000000111011 17 2 3 2 1297 2 17 2 3
10000000000000000000000000111101 21 2 21 2 7 2 3 2 21
10000000000000000000000001000011 3 2 5 2 7 2 3 2 11
10000000000000000000000001000101 373 2 563 2 32608283 2 139 2 7
10000000000000000000000001000111 709 17 19097 293 5 263 2663 137 67
10000000000000000000000001001001 3 2 7 2 7 2 3 2 11
10000000000000000000000001001011 7 7 11 223 5 103 113 7 7
10000000000000000000000001001111 3 2 3 2 7 2 3 2 3
10000000000000000000000001010011 181 29 7 7 5 11 65867307941 11 4559837
10000000000000000000000001010111 5 2 3 2 37 2 341 2 21
10000000000000000000000001011001 7 5 43992547 29 25 104717 11 7 8221
10000000000000000000000001011011 3 2 3 2 7 2 3 2 3
10000000000000000000000001011101 13 2 3 2 367 2 17 2 3
10000000000000000000000001100001 3 2 475 2 7 2 3 2 11
10000000000000000000000001100011 1933 11 1483423 127 5 1013 41 23 19
10000000000000000000000001100111 21 2 21 2 7 2 3 2 3
10000000000000000000000001101011 5 2 3 2 37 2 25 2 3
10000000000000000000000001101101 3 2 3 2 7 2 3 2 3
10000000000000000000000001101111 19 7 211 41 733 13 7 79 7
10000000000000000000000001110011 3 2 3 2 7 2 3 2 3
10000000000000000000000001110101 7 2 21 2 37 2 5 2 3
10000000000000000000000001110111 11 1093 11 7 53 29 7 1093 239
10000000000000000000000001111001 3 2 3 2 7 2 3 2 3
10000000000000000000000001111101 173 7013 167 17 23879 97 7 83 5887084391
10000000000000000000000001111111 3 2 5 2 7 2 3 2 11
10000000000000000000000010000011 7 2 13 2 593 2 157 2 28031
10000000000000000000000010000101 3 2 5 2 7 2 3 2 11
10000000000000000000000010001001 5 2 2179 2 11 2 167 2 23
10000000000000000000000010001111 431 2 3 2 13 2 283 2 3
10000000000000000000000010010001 21 2 5 2 7 2 3 2 11
10000000000000000000000010010011 5 7 887 53 5 5 239 71 7
10000000000000000000000010010101 19 25 223 19 25 11 5 17 7417
10000000000000000000000010010111 3 2 3 2 7 2 3 2 3
10000000000000000000000010011001 31 11 7 11 5 37 31 11 41
10000000000000000000000010011011 23 2 3 2 179 2 138490739 2 3
10000000000000000000000010011101 3 2 3 2 7 2 3 2 3
10000000000000000000000010100001 17 2 11 2 19 2 599 2 81015785899
10000000000000000000000010100011 3 1429 463 3 125 41 3 541 17
10000000000000000000000010100111 5 2 3 2 37 2 5 2 3
10000000000000000000000010101011 13 2 3 2 349 2 25237 2 21
10000000000000000000000010101101 7 2 21 2 12169 2 73 2 3
10000000000000000000000010110001 25 23 701 5503 5 5 163 43 19
10000000000000000000000010110011 11197 2 3 2 307 2 11 2 3
10000000000000000000000010110101 3 2 3 2 7 2 3 2 3
10000000000000000000000010110111 2207 7 7 83 67 241 7 341 7
10000000000000000000000010111001 11 2 3 2 28723 2 23 2 3
10000000000000000000000010111011 21 353 571 3 809 5 21 7 22060567
10000000000000000000000010111101 157 5 18143 8131644991 11 17 7 5838353 269
10000000000000000000000010111111 53 2 41 2 1785192115009 2 75217 2 3947
10000000000000000000000011000001 3 2 5 2 7 2 3 2 11
10000000000000000000000011000011 17 677 7 4261 5 79 11 83 1751477323787
10000000000000000000000011000111 3 2 3 2 7 2 3 2 3
10000000000000000000000011001011 73 2 3 2 11 2 1789 2 3
10000000000000000000000011001101 3 2 3 2 7 2 3 2 3
10000000000000000000000011001111 11 11 199 2676022103 109 5 7 107 2549
10000000000000000000000011010011 3 2 3 2 7 2 3 2 3
10000000000000000000000011010101 191 2 3 2 173 2 37 2 21
10000000000000000000000011010111 7 11953 13 171207227 13 11 7 7 342253573
10000000000000000000000011011001 3 2 3 2 7 2 3 2 3
10000000000000000000000011011111 3 2 7 2 7 2 3 2 11
10000000000000000000000011100001 1843 1433 149 17 25 12569 947 19 13
10000000000000000000000011100011 125 2 3 2 37 2 95 2 3
10000000000000000000000011100101 21 2 21 2 7 2 3 2 3
10000000000000000000000011101011 3 31 269 3 79 14813 21 5077 443
10000000000000000000000011101101 185 7 5861 11 10007 5 7 23 7
10000000000000000000000011110001 3 2 3 2 7 2 3 2 3
10000000000000000000000011110011 7 139 11 151 132667 13 7 7 13
10000000000000000000000011110111 3 2 5 2 7 2 3 2 341
10000000000000000000000011111011 11 2 7 2 13 2 1787 2 8101
10000000000000000000000011111101 3 2 95 2 7 2 3 2 11
10000000000000000000000011111111 28619 7 3 37 11 3 41