Case #1:
10000000000000000000111110100011 3 103 3 3 11 3 3 59 3
10000000000000000000111110100101 317 9612359 3 101 19 3 15464895643 173 3
10000000000000000000111110100111 5 2 17 2 5 2 5 2 101
10000000000000000000111110101001 3 7 3 3 31 3 3 7 3
10000000000000000000111110101011 37 2 348889 2 5 2 23 2 43
10000000000000000000111110101101 11 2 83 2 5 2 275129 2 5059
10000000000000000000111110110001 5 239 3 19 2461 3 840757 2377 3
10000000000000000000111110110101 3 2 5 2 217 2 3 2 7
10000000000000000000111110111011 3 7 11 3 31 5 3 73 7
10000000000000000000111110111101 6037 5 164979643 41 149 13 5 29 17
10000000000000000000111110111111 313 2 3 2 4339 2 25689122827 2 3
10000000000000000000111111000001 3 2 5 2 7 2 3 2 11
10000000000000000000111111000011 11 7 3 557 79 3 137 7411 3
10000000000000000000111111000101 7 13 3 31 43 3 11 7 3
10000000000000000000111111000111 3 2 5 2 7 2 3 2 11
10000000000000000000111111001101 3 2 25 2 7 2 3 2 11
10000000000000000000111111010001 607 11 3 59 4341841013 3 5 101 3
10000000000000000000111111010011 3 2 5 2 7 2 3 2 11
10000000000000000000111111011001 3 2 5 2 217 2 3 2 7
10000000000000000000111111011011 31 5 7 9823757 11 11 5 31 127
10000000000000000000111111011101 41 191 53 6871 109 37 53222921 615289 23
10000000000000000000111111011111 3 2 3 2 7 2 3 2 3
10000000000000000000111111100001 7 13 3 31 13 3 1241 7 3
10000000000000000000111111100011 5 2 23 2 25 2 25 2 67
10000000000000000000111111100101 3 2 5 2 7 2 3 2 11
10000000000000000000111111101001 1423 2 43 2 5 2 23581 2 1871
10000000000000000000111111101011 3 37 112181 3 107 13 3 3709 17
10000000000000000000111111101101 25 31 225590471 8237 1567 5 23 547817 44984413
10000000000000000000111111101111 7 2 3 2 43 2 73 2 3
10000000000000000000111111110001 3 2 25 2 7 2 3 2 11
10000000000000000000111111110111 3 2 3 2 7 2 3 2 3
10000000000000000000111111111011 271 2 3 2 53 2 18191 2 3
10000000000000000000111111111101 3 2 3 2 217 2 3 2 3
10000000000000000000111111111111 22943 19 6872693 11 157 35759 66656828911 24655721 31
10000000000000000001000000000001 5 71 3 7 23 3 5701 29 3
10000000000000000001000000000011 3 2 125 2 7 2 3 2 11
10000000000000000001000000000101 11 2 467 2 301277923 2 345100839683 2 7
10000000000000000001000000001001 3 2 7 2 7 2 3 2 11
10000000000000000001000000001011 7 7 2861 67 5 11 1021946353 7 7
10000000000000000001000000001111 3 2 3 2 7 2 3 2 3
10000000000000000001000000010011 47 67 7 7 5 75193 26298484508291 53 1723
10000000000000000001000000010101 3 79 1882259 3 11 5 3 1523633887163 8161
10000000000000000001000000011001 217 11 31 11 14785 73 31 7 41
10000000000000000001000000011011 3 2 3 2 7 2 3 2 3
10000000000000000001000000011111 25 7602737 53 195893 772786279 5 7 16108550093 59
10000000000000000001000000100001 3 2 11 2 7 2 3 2 11
10000000000000000001000000100111 3 2 3 2 7 2 3 2 3
10000000000000000001000000101011 19 2 3 2 11 2 17 2 3
10000000000000000001000000101101 3 2 3 2 7 2 3 2 3
10000000000000000001000000110001 11 7 493433 1288169 5 289 21121 2969 7
10000000000000000001000000110011 3 2 3 2 7 2 3 2 3
10000000000000000001000000110101 7 2 3 2 817 2 73 2 3
10000000000000000001000000111001 3 2 3 2 7 2 3 2 3
10000000000000000001000000111111 3 2 5 2 7 2 3 2 11
10000000000000000001000001000001 3023 2 7 2 47 2 3003186029 2 13
10000000000000000001000001000101 3 1153 193 3 5 11 3 1409 71
10000000000000000001000001000111 11 2 3 2 37 2 5 2 3
10000000000000000001000001001011 3 2 3 2 7 2 3 2 3
10000000000000000001000001001101 113 2 3 2 13 2 17 2 3
10000000000000000001000001001111 13 11 7 8287 113 89 7 201999368533 23
10000000000000000001000001010001 3 703 37 3 5 5 3 7 19
10000000000000000001000001010111 3 43 817 3 11 313 3 131 239
10000000000000000001000001011011 5 13 173 7 12721 5 7 23 449
10000000000000000001000001011101 3 5 7 3 137 31 3 108263 97
10000000000000000001000001011111 7 2 9298741 2 19 2 61 2 7
10000000000000000001000001100011 3 2 3 2 7 2 3 2 3
10000000000000000001000001100101 5 2 3 2 37 2 5 2 3
10000000000000000001000001101001 3 2 3 2 7 2 3 2 3
10000000000000000001000001101111 3 2 11 2 7 2 3 2 11
10000000000000000001000001110001 47 2 3 2 113 2 2377 2 3
10000000000000000001000001110011 11 5 11 83 19 23 7 167 189877073
10000000000000000001000001111001 5 7 7 29 131 5 7 451716761184751 7
10000000000000000001000001111011 3 2 5 2 7 2 3 2 11
10000000000000000001000010000001 3 2 5 2 7 2 3 2 11
10000000000000000001000010000101 4679 5 13 47 5 691 5 11 353
10000000000000000001000010000111 3 2 3 2 7 2 3 2 3
10000000000000000001000010001001 7 7 78423451 13 5 17 313 7 7
10000000000000000001000010001011 4481 2 3 2 223 2 41 2 3
10000000000000000001000010001101 3 2 3 2 7 2 3 2 3
10000000000000000001000010001111 5179 5 11 2671 151 11 7 113 43
10000000000000000001000010010001 79 84859 7 7 25 11 1027 2262413 71
10000000000000000001000010010011 3 2 3 2 7 2 3 2 3
10000000000000000001000010010111 7 97609 13 283 4365909649 5 7 7 19
10000000000000000001000010011001 3 2 3 2 7 2 3 2 3
10000000000000000001000010011111 3 2 7 2 7 2 3 2 11
10000000000000000001000010100001 5 9325583 988763 41 5 5 23 9180671 97
10000000000000000001000010100101 3 2 3 2 7 2 3 2 3
10000000000000000001000010101011 3 79 43721 3 28052493569 5 3 1877 2273
10000000000000000001000010101111 157 2 13 2 11 2 59 2 270520093
10000000000000000001000010110001 3 2 3 2 7 2 3 2 3
10000000000000000001000010110101 11 19 31 7 1847 5 7 3203 184753
10000000000000000001000010110111 3 2 5 2 7 2 3 2 11
10000000000000000001000010111001 1997 229 821 302261 11 13 7 23 19
10000000000000000001000010111101 3 2 11 2 7 2 3 2 31
10000000000000000001000011000001 7 5 53 148927 5 13 25 7 43
10000000000000000001000011000011 3 2 3 2 7 2 3 2 3
10000000000000000001000011000111 23 7 22720363 10007 883 831682073 217 9461 7
10000000000000000001000011001001 3 2 3 2 7 2 3 2 3
10000000000000000001000011001011 11 11 1699 98221 281557 23 7 3465850323721 1886113
10000000000000000001000011001111 3 2 5 2 7 2 3 2 31
10000000000000000001000011010001 13 2 3 2 23 2 188983 2 3
10000000000000000001000011010011 31 203999 653 6473 643 11 7 13 983
10000000000000000001000011010101 3 5 8496673 3 109 61 3 59 31
10000000000000000001000011010111 59 2 7 2 17 2 11 2 13499
10000000000000000001000011011001 29 13 47 7 509 2312704572253 7 16433 61
10000000000000000001000011011011 3 2 25 2 7 2 3 2 11
10000000000000000001000011011101 7 2 431 2 263411 2 23 2 7
10000000000000000001000011011111 107 25 3 22947302867 53 3 5 29 3
10000000000000000001000011100001 3 2 3 2 7 2 3 2 3
10000000000000000001000011100011 178853 157 79 7 23 53 7 29 5003
10000000000000000001000011100111 3 2 31 2 7 2 3 2 11
10000000000000000001000011101001 19 25 7 11 547 71 7 71 13
10000000000000000001000011101011 7 2 11 2 839 2 19 2 8563
10000000000000000001000011101101 3 2 5 2 7 2 3 2 11
10000000000000000001000011110001 5 5050453 107 17 13 5 7 11 20931377
10000000000000000001000011110011 3 2 7 2 7 2 3 2 7
10000000000000000001000011111001 3 2 5 2 7 2 3 2 11
10000000000000000001000011111101 1009 11 3 7 3943 3 5 123576946973 3
10000000000000000001000011111111 3 2 5 2 7 2 3 2 11
10000000000000000001000100000111 7 2 3 2 43 2 73 2 3
10000000000000000001000100001011 3 2 3 2 7 2 3 2 3
10000000000000000001000100001101 11 2 3 2 57679 2 23 2 3
10000000000000000001000100010001 3 11 31 3 5 167 3 11 43
10000000000000000001000100010011 29 2 3 2 19 2 487051 2 3
10000000000000000001000100010101 7 2 3 2 43 2 5 2 3
10000000000000000001000100011001 25 2 3 2 47 2 11 2 3
10000000000000000001000100100001 193 37 251 7 5 4397207 11 163 2903
10000000000000000001000100100011 3 2 3 2 7 2 3 2 3
10000000000000000001000100100101 41 2 3 2 61 2 78173393 2 3
10000000000000000001000100100111 24023 5 13 11 11 11 7 31 82234373153
10000000000000000001000100101001 3 2 3 2 7 2 3 2 3
10000000000000000001000100101111 3 2 5 2 7 2 3 2 11
10000000000000000001000100110001 7 2 3 2 11 2 43 2 3
10000000000000000001000100110011 283 89 23 7 60089 419 7 151 19
10000000000000000001000100110101 3 3119 4463 3 110477 64591 3 162246127 2189867
10000000000000000001000100111001 11 719 17 463 79 197 7 53 2352947
10000000000000000001000100111011 3 2 5 2 7 2 3 2 11
10000000000000000001000100111111 7 13 3 31 43 3 73 7 3
10000000000000000001000101000101 43 2 3 2 11 2 53 2 3
10000000000000000001000101001001 809 2 3 2 1447 2 61 2 3
10000000000000000001000101001101 3 5 1678322521 3 3191 11 3 7 269
10000000000000000001000101001111 31 2 719385757 2 47 2 16447 2 79
10000000000000000001000101010001 23 2 3 2 3809189 2 5 2 3
10000000000000000001000101010011 3 73 29 3 97 13 3 19 8149
10000000000000000001000101010101 5 7 25 17 55987 5 7 5 7
10000000000000000001000101010111 67 2 13 2 139 2 43 2 103
10000000000000000001000101011011 7 2 56662831 2 199 2 11 2 7
10000000000000000001000101011101 17 2 257 2 1297 2 17 2 73
10000000000000000001000101011111 3 1427 3 3 11 3 3 149 3
10000000000000000001000101100001 103 2 3 2 13 2 1399417 2 3
10000000000000000001000101100011 241 25 43093 39521 131 151 7 21176251 2681141
10000000000000000001000101100111 37 2 11 2 89 2 43119761 2 227
10000000000000000001000101101011 3 2 5 2 7 2 3 2 11
10000000000000000001000101101101 13 2 7 2 73 2 347 2 7
10000000000000000001000101110011 5 2 97 2 11 2 1721 2 13
10000000000000000001000101110111 3 5 3 3 43 3 3 7 3
10000000000000000001000101111001 3533 2 181 2 4704715199 2 5 2 47
10000000000000000001000101111101 3 19 3 3 170451347237 3 3 817 3
10000000000000000001000101111111 23 2 47 2 5 2 113 2 7
10000000000000000001000110000001 19 47 13 1175029651 11 31 13 79 79
10000000000000000001000110000011 3 2 3 2 7 2 3 2 3
10000000000000000001000110000101 7 2 3 2 43 2 31 2 3
10000000000000000001000110001001 3 2 3 2 7 2 3 2 3
10000000000000000001000110001111 3 2 125 2 7 2 3 2 7
10000000000000000001000110010001 11 2 3 2 157 2 97 2 3
10000000000000000001000110010011 7 61 1027 8059 29 67447 7 7 5821
10000000000000000001000110011011 3 2 7 2 7 2 3 2 11
10000000000000000001000110011111 211 107 3 53 13 3 13 4957 3
10000000000000000001000110100001 3 2 3 2 7 2 3 2 3
10000000000000000001000110100111 3 2 5 2 7 2 3 2 11
10000000000000000001000110101101 3 2 5 2 7 2 3 2 11
10000000000000000001000110101111 7 13 3 31 43 3 73 7 3
10000000000000000001000110110011 3 2 25 2 7 2 3 2 11
10000000000000000001000110110101 107 2 11 2 11 2 25 2 7
10000000000000000001000110110111 41593 11 3 1256546663 83 3 1187 43 3
10000000000000000001000110111001 3 2 5 2 7 2 3 2 11
10000000000000000001000110111101 7 13 3 31 43 3 169 7 3
10000000000000000001000110111111 3 2 5 2 7 2 3 2 11
10000000000000000001000111000001 29 2 3 2 137 2 24534141618391 2 3
10000000000000000001000111000011 5 7 208424977 225259253 11 5 7 233 7
10000000000000000001000111000101 3 125 11 3 23 97 3 29 541
10000000000000000001000111000111 4691 2 47 2 31 2 498467 2 257938183554703
10000000000000000001000111001001 41 829 7 13 13 51427 7 11 19
10000000000000000001000111001011 3 2 5 2 7 2 3 2 11
10000000000000000001000111010011 11 2 7 2 83 2 5 2 19661
10000000000000000001000111010101 13 2 1027 2 191 2 2215163 2 163
10000000000000000001000111010111 3 79 3 3 10939 3 3 149909 3
10000000000000000001000111011001 7 2 2081 2 1209773 2 8161 2 7
10000000000000000001000111011101 3 43 3 3 19 3 3 931878119 3
10000000000000000001000111011111 71 2 332485913 2 5 2 11 2 435947
10000000000000000001000111100001 25 1039 361219 11 83 5 7 17 1449509
10000000000000000001000111100011 3 2 11 2 7 2 3 2 11
10000000000000000001000111100111 7 7 3 31 817 3 11 7 3
10000000000000000001000111101001 3 2 25 2 7 2 3 2 11
10000000000000000001000111101101 167 5 3 17 2099 3 5 367 3
10000000000000000001000111101111 3 2 5 2 7 2 3 2 11
10000000000000000001000111110001 43 2 9293 2 19 2 5 2 13
10000000000000000001000111110011 19 863 3 491 2267 3 19 2777 3
10000000000000000001000111110101 3 11 3 3 13 3 3 7 3
10000000000000000001000111111011 3 2 5 2 7 2 3 2 11
10000000000000000001000111111101 4339 2 3931231 2 25 2 59 2 7
10000000000000000001001000000001 3 2 7 2 7 2 3 2 31
10000000000000000001001000000111 3 2 3 2 7 2 3 2 3
10000000000000000001001000001001 31 11 31 11 5 5 31 11 41
10000000000000000001001000001011 281 2 3 2 2396171941 2 67 2 3
10000000000000000001001000001101 3 2 3 2 7 2 3 2 3
10000000000000000001001000010001 7 12589 97465183 37 5 15217 11447 7 50777513
10000000000000000001001000010011 3 2 3 2 7 2 3 2 3
10000000000000000001001000010101 11 2 3 2 17 2 4139 2 3
10000000000000000001001000011001 3 2 3 2 217 2 3 2 3
10000000000000000001001000011011 41 13 19 557 62401 11 7 17 127
10000000000000000001001000011101 5 263 7 17 23 5 7 293 2707
10000000000000000001001000011111 3 2 5 2 7 2 3 2 11
10000000000000000001001000100001 137 5 571 5091119003 11 27793 25 37 639151
10000000000000000001001000100011 13 2 3 2 439 2 1229 2 3
10000000000000000001001000100101 3 2 3 2 7 2 3 2 3
10000000000000000001001000100111 5 7 12039397 17 101 31 7 11 7
10000000000000000001001000101001 17 2 3 2 1297 2 17 2 3
10000000000000000001001000101011 3 5 7 3 191 13 3 6569 569
10000000000000000001001000101101 7 19 79 743 4159 173 7 7 23
10000000000000000001001000110001 3 2 3 2 7 2 3 2 3
10000000000000000001001000110101 29 5 11 661 541483 163256791 7 1249 53
10000000000000000001001000110111 3 2 5 2 7 2 3 2 11
10000000000000000001001000111001 59 23 7 97 17 313 7 67 467
10000000000000000001001000111101 3 2 125 2 217 2 3 2 7
10000000000000000001001000111111 19 5 3 251 71 3 5 1667 3
10000000000000000001001001000011 3 2 3 2 7 2 3 2 3
10000000000000000001001001000101 25 2 3 2 37 2 5 2 3
10000000000000000001001001001001 3 2 3 2 7 2 3 2 3
10000000000000000001001001001011 17 7 103 29 1039 79 7 97 7
10000000000000000001001001001111 3 2 5 2 7 2 3 2 11
10000000000000000001001001010001 863 2 3 2 8085653 2 7296101 2 3
10000000000000000001001001010011 127 5 43 7 55987 37 7 1093 239
10000000000000000001001001011001 5 383 31039 43837429 11 5 7 38371 67
10000000000000000001001001011011 3 2 11 2 7 2 3 2 11
10000000000000000001001001011111 1187 19 3 11 83 3 11 677 3
10000000000000000001001001100001 3 2 3 2 7 2 3 2 3
10000000000000000001001001100011 5 9349 7 37 11 5 7 337 1469
10000000000000000001001001100111 3 2 5 2 7 2 3 2 11
10000000000000000001001001101101 3 2 5 2 7 2 3 2 11
10000000000000000001001001101111 29 7 3 14653 13 3 89 31 3
10000000000000000001001001110011 3 2 5 2 7 2 3 2 11
10000000000000000001001001111001 3 2 5 2 7 2 3 2 11
10000000000000000001001001111011 7481 11 3 82471 13499 3 5 1129 3
10000000000000000001001001111111 3 2 7 2 7 2 3 2 11
10000000000000000001001010000001 7 7 359 17 125 5 61 7 7
10000000000000000001001010000101 3 2 3 2 7 2 3 2 3
10000000000000000001001010000111 4583 26587963 47 19 876843457213 13 7 697069 1125669047
10000000000000000001001010001001 5107 2 3 2 16453 2 11 2 3
10000000000000000001001010001011 3 13 37 3 11 5 3 530713 19
10000000000000000001001010001101 53 5 7 7 13 83035261 7 23 409
10000000000000000001001010001111 7 2 73 2 79 2 62753 2 169
10000000000000000001001010010001 3 2 3 2 7 2 3 2 3
10000000000000000001001010010011 23 7 23 137 30713 71 7 13 7
10000000000000000001001010010101 5 167213 13115251 11 29 5 7 556351 2038721
10000000000000000001001010010111 3 2 7 2 7 2 3 2 11
10000000000000000001001010011001 11 13 557 189817 1279 32443 7 31 457489553867
10000000000000000001001010011101 3 2 5 2 7 2 3 2 11
10000000000000000001001010011111 5 293 3 7 26148230177 3 29 11 3
10000000000000000001001010100011 3 5 2938753 3 332273 11 3 11 34217
10000000000000000001001010100101 13 217 31 47297 11 257 7 17 7
10000000000000000001001010100111 139 2 13 2 13 2 17 2 31
10000000000000000001001010101011 7 2 29 2 71 2 23 2 7
10000000000000000001001010101111 3 11 3 3 19 3 3 241 3
10000000000000000001001010110011 5 2 7 2 317 2 53 2 23
10000000000000000001001010110101 3 2 5 2 7 2 3 2 11
10000000000000000001001010111001 7 2 19 2 19 2 5 2 29
10000000000000000001001010111011 3 5927473 3 3 7335525091 3 3 19 3
10000000000000000001001010111101 5 1636333 3 37 15347 3 89 11369 3
10000000000000000001001010111111 13 2 23 2 11 2 26060428981 2 3676399
10000000000000000001001011000001 3 2 3 2 7 2 3 2 3
10000000000000000001001011000011 31 169 907 27691361 169 139 7 3251 53
10000000000000000001001011000101 11 9277 7 853 6703003 2689 7 53 227
10000000000000000001001011000111 3 2 5 2 7 2 3 2 11
10000000000000000001001011001001 911 7 90697 811 149 11 7 307 7
10000000000000000001001011001011 839 2 13 2 23 2 11 2 29
10000000000000000001001011001101 3 2 25 2 7 2 3 2 11
10000000000000000001001011010001 5 31 601 7 85667 5 7 179 23
10000000000000000001001011010011 3 2 5 2 7 2 3 2 11
10000000000000000001001011010101 7 2 128534407 2 13 2 31 2 7
10000000000000000001001011011001 3 2 5 2 7 2 3 2 11
10000000000000000001001011011011 11 7 3 11 8501 3 17 283 3
10000000000000000001001011011101 929 5 3 67 11 3 25 11 3
10000000000000000001001011011111 3 2 5 2 7 2 3 2 11
10000000000000000001001011100011 7 2 137 2 103 2 19 2 59
10000000000000000001001011100101 3 2 5 2 7 2 3 2 11
10000000000000000001001011101011 3 269 3 3 4987 3 3 673 3
10000000000000000001001011101111 5 2 7 2 5 2 5 2 19
10000000000000000001001011110001 3 2 25 2 7 2 3 2 11
10000000000000000001001011110011 1469 5 3 17 59 3 25 1787 3
10000000000000000001001011110101 17 23 3 7 641 3 5023 19 3
10000000000000000001001011110111 3 2 5 2 7 2 3 2 11
10000000000000000001001011111011 71 2 4441 2 25 2 41 2 89
10000000000000000001001011111101 3 2 7 2 7 2 3 2 11
10000000000000000001001011111111 7 7 11 6121 23 743 373 7 7
10000000000000000001001100000001 31 11 31 11 5 229 31 11 41
10000000000000000001001100000011 3 2 3 2 7 2 3 2 3
10000000000000000001001100000111 11 5 8070299 557 68143 23 7 17 31
10000000000000000001001100001001 3 2 3 2 7 2 3 2 3
10000000000000000001001100001101 7 7 29 23 5277539 31 7 7 7
10000000000000000001001100001111 3 2 5 2 7 2 3 2 11
10000000000000000001001100010001 97 2 3 2 13 2 1259 2 3
10000000000000000001001100010011 1823 4258781 2239 79 275083 8807 7 106649 149
10000000000000000001001100010111 5 2 443 2 61 2 41686027 2 2461
10000000000000000001001100011001 233 107197 7 16919078269 389 416359 7 37 29
10000000000000000001001100011011 3 2 125 2 7 2 3 2 11
10000000000000000001001100011101 11 2 6067 2 19 2 5 2 619
10000000000000000001001100100001 3 2 3 2 7 2 3 2 3
10000000000000000001001100100101 59 5 181 157 3904251749 3581705882263 7 443591 162224837963273
10000000000000000001001100100111 3 2 5 2 7 2 3 2 11
10000000000000000001001100101011 5 2 113 2 33888391 2 47 2 653
10000000000000000001001100101101 3 2 7 2 7 2 3 2 11
10000000000000000001001100110011 3 2 5 2 7 2 3 2 11
10000000000000000001001100110101 5 2 79 2 5303 2 43 2 47
10000000000000000001001100110111 7 13 3 31 11 3 73 7 3
10000000000000000001001100111001 3 2 5 2 217 2 3 2 7
10000000000000000001001100111111 3 2 31 2 7 2 3 2 11
10000000000000000001001101000001 169 2 3 2 23 2 11 2 3
10000000000000000001001101000101 3 103 41 3 13 307 3 7 83
10000000000000000001001101001011 3 2 5 2 7 2 3 2 11
10000000000000000001001101001101 12743 2 19 2 463 2 409 2 31
10000000000000000001001101010001 3 1093 7 3 673 1943 3 1093 239
10000000000000000001001101010011 7 2 11 2 137 2 491 2 7
10000000000000000001001101010101 153403 2 73 2 11 2 41 2 811
10000000000000000001001101010111 3 5 3 3 80974722383 3 3 37 3
10000000000000000001001101011001 269 2 85308779 2 17 2 25 2 421
10000000000000000001001101011011 13 73 3 601 97 3 37 6481 3
10000000000000000001001101011111 11 2 7 2 5 2 163 2 223
10000000000000000001001101100001 7 5 149 7 571 11 7 7 109
10000000000000000001001101100011 3 2 25 2 7 2 3 2 11
10000000000000000001001101100111 5 37 3 23 1553 3 47 1117 3
10000000000000000001001101101001 3 2 5 2 7 2 3 2 11
10000000000000000001001101101101 37 729473 3 197 197 3 101 2017 3
10000000000000000001001101101111 3 2 5 2 7 2 3 2 11
10000000000000000001001101110001 125 2 838889 2 251 2 5347 2 19
10000000000000000001001101110101 3 5 3 3 23 3 3 107 3
10000000000000000001001101111001 23 983 3 22573 29 3 29 29 3
10000000000000000001001101111011 3 2 7 2 7 2 3 2 11
10000000000000000001001101111101 217 2 31 2 5 2 31 2 73
10000000000000000001001110000001 3 2 3 2 7 2 3 2 3
10000000000000000001001110000111 3 2 5 2 7 2 3 2 7
10000000000000000001001110001011 7 2 1063 2 907 2 5 2 13
10000000000000000001001110001101 3 2 5 2 7 2 3 2 11
10000000000000000001001110001111 5 40709 3 113 17239 3 11 19 3
10000000000000000001001110010001 29 19 19 110321 11 61 7 8669 577
10000000000000000001001110010011 3 2 7 2 7 2 3 2 31
10000000000000000001001110010101 19 2 157 2 59 2 5 2 19537613
10000000000000000001001110011001 3 2 5 2 7 2 3 2 11
10000000000000000001001110011011 59 71 3 7 10459 3 61 1657 3
10000000000000000001001110011101 73 7 3 59 77867 3 13 25265383761391 3
10000000000000000001001110011111 3 2 25 2 7 2 3 2 11
10000000000000000001001110100001 11 7 1091 107 13 17 7 1429 7
10000000000000000001001110100101 3 2 11 2 7 2 3 2 11
10000000000000000001001110100111 7 11 3 31 43 3 5 7 3
10000000000000000001001110101001 13 2 211 2 293 2 5 2 53
10000000000000000001001110101011 3 577 3 3 373 3 3 379 3
10000000000000000001001110110001 3 2 5 2 7 2 3 2 11
10000000000000000001001110110101 7 13 3 31 43 3 11 7 3
10000000000000000001001110110111 3 2 5 2 7 2 3 2 11
10000000000000000001001110111011 31 2 31 2 5 2 31 2 83
10000000000000000001001110111101 3 2 5 2 7 2 3 2 11
10000000000000000001001111000001 5 3630629 7 19 38219 5 7 31 47
10000000000000000001001111000011 3 2 5 2 7 2 3 2 11
10000000000000000001001111000101 293 2 29 2 17 2 11 2 337
10000000000000000001001111000111 279221 1117 3 20809 13 3 3167 136373 3
10000000000000000001001111001001 3 2 5 2 7 2 3 2 11
10000000000000000001001111001101 11 5 3 12049 20641 3 5 34853503 3
10000000000000000001001111001111 3 2 7 2 7 2 3 2 7
10000000000000000001001111010011 286829 17337949 3 11 11 3 43 2609 3
10000000000000000001001111011011 3 2 5 2 7 2 3 2 11
10000000000000000001001111100001 3 2 5 2 7 2 3 2 11
10000000000000000001001111100111 3 2 25 2 7 2 3 2 11
10000000000000000001001111101001 5 7 3 1277 17 3 74521 131 3
10000000000000000001001111101011 461 2 7 2 5 2 167 2 689779
10000000000000000001001111101101 3 2 5 2 7 2 3 2 11
10000000000000000001001111110001 3191 17 3 7 809 3 17