100
2 3 2
1 1 1
2 1 2
3 2 3
2 59 2
100 1 100
60 9 60
1 88 1
98 8 98
4 29 4
42 7 42
4 3 4
48 4 48
4 23 4
15 5 15
100 3 100
2 41 2
3 12 3
1 5 1
2 13 2
10 18 10
1 2 1
1 60 1
1 78 1
40 6 40
9 11 9
14 7 14
96 8 96
86 5 86
23 7 23
2 53 2
94 1 94
28 6 28
3 9 3
19 6 19
4 2 4
40 11 40
2 2 2
40 1 40
100 2 100
48 7 48
9 16 9
7 12 7
62 7 62
83 2 83
95 8 95
3 3 3
98 6 98
1 95 1
20 5 20
1 9 1
39 1 39
2 4 2
53 2 53
11 4 11
48 3 48
24 1 24
4 4 4
58 5 58
70 2 70
1 100 1
49 10 49
50 5 50
10 5 10
73 1 73
41 9 41
77 6 77
12 9 12
19 1 19
17 14 17
3 37 3
1 4 1
1 3 1
85 3 85
16 13 16
81 4 81
96 9 96
2 27 2
12 14 12
51 8 51
100 9 100
35 7 35
100 4 100
21 4 21
10 17 10
3 4 3
54 6 54
84 2 84
4 1 4
6 6 6
24 13 24
29 7 29
36 3 36
96 5 96
3 1 3
80 8 80
4 19 4
1 73 1
8 5 8
1 92 1
