Case #1:
10000000000000000000000000000001 3 2 5 2 7 2 3 2 11
10000000000000000000000000000011 83 7 3 11 23 3 569 173 3
10000000000000000000000000000101 7 13 3 31 43 3 73 7 3
10000000000000000000000000000111 3 2 25 2 7 2 3 2 11
10000000000000000000000000001001 11 31 3 67 1152846547 3 5 89 3
10000000000000000000000000001101 3 2 5 2 7 2 3 2 11
10000000000000000000000000001111 13 149 197123 7 5 11 859 479 1021
10000000000000000000000000010001 5 67 3 43 4423 3 6197 127 3
10000000000000000000000000010011 3 2 5 2 7 2 3 2 11
10000000000000000000000000010101 29 2 397 2 193 2 11 2 13513
10000000000000000000000000011001 3 2 25 2 217 2 3 2 7
10000000000000000000000000011101 31 11 31 11 5 419 31 11 41
10000000000000000000000000011111 3 2 3 2 7 2 3 2 3
10000000000000000000000000100001 7 13 3 31 43 3 73 7 3
10000000000000000000000000100011 817 2 89 2 17 2 1180877 2 36473
10000000000000000000000000100101 3 2 11 2 7 2 3 2 11
10000000000000000000000000101001 13 2 24989 2 19571 2 59 2 2662067
10000000000000000000000000101011 3 163 19 3 5 151 3 149 1723
10000000000000000000000000101111 7 2 3 2 11 2 5 2 3
10000000000000000000000000110001 3 2 5 2 7 2 3 2 11
10000000000000000000000000110111 3 2 3 2 7 2 3 2 3
10000000000000000000000000111001 5 317 47 23 11 5 83 523 31
10000000000000000000000000111011 17 2 3 2 1297 2 17 2 3
10000000000000000000000000111101 3 2 3 2 217 2 3 2 3
10000000000000000000000001000011 3 2 5 2 7 2 3 2 11
10000000000000000000000001000101 373 2 563 2 10691179 2 139 2 7
10000000000000000000000001000111 709 17 19097 293 5 263 2663 137 67
10000000000000000000000001001001 3 2 7 2 7 2 3 2 11
10000000000000000000000001001011 7 7 11 223 5 103 113 7 217
10000000000000000000000001001111 3 2 3 2 7 2 3 2 3
10000000000000000000000001010011 181 29 7 7 5 11 65867307941 11 4559837
10000000000000000000000001010111 5 2 3 2 37 2 31 2 3
10000000000000000000000001011001 7 5 43992547 29 25 104717 11 7 8221
10000000000000000000000001011011 3 2 3 2 7 2 3 2 3
10000000000000000000000001011101 13 2 3 2 367 2 17 2 3
10000000000000000000000001100001 3 2 25 2 7 2 3 2 11
10000000000000000000000001100011 1933 11 1483423 127 5 1013 41 23 13
10000000000000000000000001100111 3 2 3 2 7 2 3 2 3
10000000000000000000000001101011 5 2 3 2 113 2 25 2 3
10000000000000000000000001101101 3 2 3 2 7 2 3 2 3
10000000000000000000000001101111 19 7 211 41 733 13 7 79 7
10000000000000000000000001110011 3 2 3 2 7 2 3 2 3
10000000000000000000000001110101 7 2 3 2 1591 2 5 2 3
10000000000000000000000001110111 11 1093 11 7 53 29 7 1093 239
10000000000000000000000001111001 3 2 3 2 7 2 3 2 3
10000000000000000000000001111101 173 7013 167 17 23879 97 7 83 5887084391
10000000000000000000000001111111 3 2 5 2 7 2 3 2 11
10000000000000000000000010000011 7 2 13 2 593 2 157 2 28031
10000000000000000000000010000101 3 2 5 2 7 2 3 2 11
10000000000000000000000010001001 5 2 2179 2 11 2 167 2 23
10000000000000000000000010001111 431 2 3 2 13 2 283 2 3
10000000000000000000000010010001 3 2 5 2 7 2 3 2 11
10000000000000000000000010010011 5 7 887 53 5 5 239 71 7
10000000000000000000000010010101 19 25 223 19 25 11 5 17 7417
10000000000000000000000010010111 3 2 3 2 7 2 3 2 3
10000000000000000000000010011001 31 11 217 11 5 37 31 11 41
10000000000000000000000010011011 23 2 3 2 727 2 138490739 2 3
10000000000000000000000010011101 3 2 3 2 7 2 3 2 3
10000000000000000000000010100001 17 2 11 2 19 2 599 2 81015785899
10000000000000000000000010100011 3 1429 463 3 125 41 3 541 17
10000000000000000000000010100111 5 2 3 2 37 2 5 2 3
10000000000000000000000010101011 13 2 3 2 349 2 25237 2 3
10000000000000000000000010101101 7 2 3 2 43 2 73 2 3
10000000000000000000000010110001 25 23 701 5503 5 5 163 43 19
10000000000000000000000010110011 11197 2 3 2 307 2 11 2 3
10000000000000000000000010110101 3 2 3 2 7 2 3 2 3
10000000000000000000000010110111 2207 7 7 83 67 241 7 31 7
10000000000000000000000010111001 11 2 3 2 28723 2 23 2 3
10000000000000000000000010111011 3 353 491 3 809 5 3 7 22060567
10000000000000000000000010111101 157 5 18143 8131644991 11 17 7 5838353 269
10000000000000000000000010111111 53 2 41 2 743025642547 2 75217 2 3947
10000000000000000000000011000001 3 2 5 2 7 2 3 2 11
10000000000000000000000011000011 17 677 7 4261 5 79 11 83 1751477323787
10000000000000000000000011000111 3 2 3 2 7 2 3 2 3
10000000000000000000000011001011 73 2 3 2 11 2 1789 2 3
10000000000000000000000011001101 3 2 3 2 7 2 3 2 3
10000000000000000000000011001111 11 11 199 2676022103 109 5 7 107 2549
10000000000000000000000011010011 3 2 3 2 7 2 3 2 3
10000000000000000000000011010101 191 2 3 2 173 2 37 2 3
10000000000000000000000011010111 217 11953 13 171207227 13 11 7 7 342253573
10000000000000000000000011011001 3 2 3 2 7 2 3 2 3
10000000000000000000000011011111 3 2 7 2 7 2 3 2 11
10000000000000000000000011100001 97 1433 149 17 25 12569 947 19 13
10000000000000000000000011100011 125 2 3 2 37 2 5 2 3
10000000000000000000000011100101 3 2 3 2 7 2 3 2 3
10000000000000000000000011101011 3 31 269 3 79 14813 3 5077 443
10000000000000000000000011101101 5 7 5861 11 10007 5 7 23 7
10000000000000000000000011110001 3 2 3 2 7 2 3 2 3
10000000000000000000000011110011 7 139 11 151 132667 13 7 7 13
10000000000000000000000011110111 3 2 5 2 7 2 3 2 31
10000000000000000000000011111011 11 2 7 2 13 2 1787 2 8101
10000000000000000000000011111101 3 2 5 2 7 2 3 2 11
10000000000000000000000011111111 28619 7 3 37 11 3 41 69627165436663 3
10000000000000000000000100000001 7 13 3 31 11 3 53 7 3
10000000000000000000000100000011 3 2 5 2 7 2 3 2 11
10000000000000000000000100000101 47 2 383 2 19 2 350429 2 103
10000000000000000000000100000111 19 27941 471267323 1133938703 5 3432135533 157 19 13
10000000000000000000000100001001 3 2 5 2 7 2 3 2 11
10000000000000000000000100001101 131 7 19 41 25 3819353 5 13313753 7
10000000000000000000000100001111 3 2 3 2 7 2 3 2 3
10000000000000000000000100010001 11 2 191 2 89 2 5 2 113
10000000000000000000000100010011 13 73 163 131 2425 13 37 6481 47
10000000000000000000000100010101 3 11 31 3 5 5 3 11 41
10000000000000000000000100010111 2293 2 3 2 383 2 5749484340869 2 3
10000000000000000000000100011011 3 2 3 2 7 2 3 2 3
10000000000000000000000100011101 7 2 3 2 43 2 11 2 3
10000000000000000000000100011111 5 7 17273329 67 498313679 5 7 7759 7
10000000000000000000000100100001 3 2 5 2 7 2 3 2 11
10000000000000000000000100100011 79 7 113369981 89 5 1697 5 167 7
10000000000000000000000100100101 43 79 67 19085800207 5 53 11 43 4956691
10000000000000000000000100100111 3 2 3 2 7 2 3 2 3
10000000000000000000000100101001 5 239 2711 131 5 5 199 113 359
10000000000000000000000100101011 7 2 3 2 43 2 73 2 3
10000000000000000000000100101101 3 2 3 2 7 2 3 2 3
10000000000000000000000100110011 3 2 3 2 7 2 3 2 3
10000000000000000000000100110101 439 2 3 2 11 2 491 2 3
10000000000000000000000100111001 3 2 3 2 217 2 3 2 3
10000000000000000000000100111101 11 105499 29 47 41 5 7 101 19
10000000000000000000000100111111 3 2 5 2 7 2 3 2 31
10000000000000000000000101000011 6379 211 11 149 11 54292741 79 17 43
10000000000000000000000101000111 7 2 3 2 97 2 25 2 3
10000000000000000000000101001001 103 5 17569 23 5 17 5 31 8230109
10000000000000000000000101001011 3 2 3 2 7 2 3 2 3
10000000000000000000000101010011 31 2 3 2 29 2 8531281734953 2 3
10000000000000000000000101010101 7 2 3 2 43 2 73 2 3
10000000000000000000000101010111 3 44741 151 3 18022141 4789 3 23 31
10000000000000000000000101011101 3 5 197 3 6317873 41 3 293 5813
10000000000000000000000101100011 3 2 3 2 7 2 3 2 3
10000000000000000000000101100101 5 2 3 2 5809 2 5 2 3
10000000000000000000000101101001 3 2 3 2 7 2 3 2 3
10000000000000000000000101101011 2377 7 157 17 13 313 7 10504561 7
10000000000000000000000101101111 3 2 5 2 7 2 3 2 11
10000000000000000000000101110001 7 2 3 2 43 2 73 2 3
10000000000000000000000101110101 3 19 43 3 89 13 3 167 239
10000000000000000000000101110111 199 2 967 2 11 2 1312584319 2 7
10000000000000000000000101111011 3 2 5 2 7 2 3 2 11
10000000000000000000000101111111 7 31 3 31 43 3 43 7 3
10000000000000000000000110000001 3 2 25 2 7 2 3 2 11
10000000000000000000000110000011 5 41131 172849 353 5 5 7873 227 193
10000000000000000000000110000111 3 2 3 2 7 2 3 2 3
10000000000000000000000110001101 3 2 3 2 7 2 3 2 3
10000000000000000000000110010001 31 11 31 11 5 2801 31 11 107
10000000000000000000000110010011 3 2 3 2 7 2 3 2 3
10000000000000000000000110010101 11 2 3 2 79 2 23 2 3
10000000000000000000000110010111 5 41 7 337 19 5 7 53003 13
10000000000000000000000110011001 3 2 3 2 7 2 3 2 3
10000000000000000000000110011011 7 23 302143957 7 1063 29 7 217 35157907826831
10000000000000000000000110011111 3 2 5 2 7 2 3 2 11
10000000000000000000000110100001 5 7 19 1783 5 11 4517 29 7
10000000000000000000000110100011 97 2 3 2 13 2 59 2 3
10000000000000000000000110100101 3 2 3 2 7 2 3 2 3
10000000000000000000000110101001 7 2 3 2 43 2 73 2 3
10000000000000000000000110101111 13 2 7211 2 53 2 17183 2 13
10000000000000000000000110110001 3 2 3 2 7 2 3 2 3
10000000000000000000000110110111 3 2 125 2 7 2 3 2 11
10000000000000000000000110111001 283 83 89 7099719413 4618069 10834973 7 19 1483
10000000000000000000000110111101 3 2 5 2 7 2 3 2 11
10000000000000000000000111000001 11 25 13 43 5 29 5 23 19
10000000000000000000000111000011 3 2 3 2 7 2 3 2 3
10000000000000000000000111000101 7 2 3 2 43 2 73 2 3
10000000000000000000000111000111 977 11 29 421 11 131 7 337 17
10000000000000000000000111001001 3 2 3 2 7 2 3 2 3
10000000000000000000000111001111 3 2 5 2 7 2 3 2 7
10000000000000000000000111010001 43 2 3 2 11 2 1064303831 2 3
10000000000000000000000111010011 7 19 13 61 59 5 7 7 2069
10000000000000000000000111010101 3 5 19 3 29 2515968509 3 16561 1219
10000000000000000000000111011011 3 2 7 2 7 2 3 2 11
10000000000000000000000111011111 1051 5 3 17 1237 3 5 23489 3
10000000000000000000000111100001 3 2 3 2 7 2 3 2 3
10000000000000000000000111100101 29 53 13 11 17 21787 7 1823 19423
10000000000000000000000111100111 3 2 11 2 7 2 3 2 11
10000000000000000000000111101001 461 7 11 29 1817502473 5059 7 43 7
10000000000000000000000111101011 19 2 13 2 13163 2 23 2 41
10000000000000000000000111101101 3 2 25 2 7 2 3 2 11
10000000000000000000000111101111 7 13 3 31 817 3 31 7 3
10000000000000000000000111110011 3 2 5 2 7 2 3 2 11
10000000000000000000000111110101 83 2 163 2 1979 2 113 2 7
10000000000000000000000111111001 3 2 5 2 7 2 3 2 11
10000000000000000000000111111101 7 5 3 31 43 3 5 7 3
10000000000000000000000111111111 3 2 5 2 7 2 3 2 11
10000000000000000000001000000011 11 2 409 2 191 2 1966628094427 2 2539
10000000000000000000001000000101 3 2 5 2 7 2 3 2 11
10000000000000000000001000001001 8849 2 7 2 19427 2 11 2 17
10000000000000000000001000001011 3 17 173 3 11 30043748821 3 7 43
10000000000000000000001000001101 31 11 31 11 5 17 31 11 5371
10000000000000000000001000001111 25 2 3 2 37 2 5 2 3
10000000000000000000001000010001 3 2 11 2 217 2 3 2 7
10000000000000000000001000010101 37 43891 23 281 5 26701 269 19 2185215679
10000000000000000000001000010111 3 2 3 2 7 2 3 2 3
10000000000000000000001000011011 6421 2 3 2 269 2 7333 2 3
10000000000000000000001000011101 3 2 3 2 7 2 3 2 3
10000000000000000000001000100011 3 31 11437 3 5 11 3 53 31
10000000000000000000001000100111 7 2 3 2 43 2 563 2 3
10000000000000000000001000101001 3 7 13 3 31 43 3 37 7
10000000000000000000001000101101 5 2 3 2 37 2 5 2 3
10000000000000000000001000101111 3 131 1009 3 13 1525192728623 3 76249 379
10000000000000000000001000110001 13 5 265662937 83 25 4127381 5 27944235563 2631712469409613
10000000000000000000001000110011 1949 2 3 2 197 2 229 2 3
10000000000000000000001000110101 3 2 3 2 217 2 3 2 3
10000000000000000000001000110111 5 289 19 11 19 5 7 34273 128081543
10000000000000000000001000111001 23 2 3 2 1297 2 17 2 3
10000000000000000000001000111011 3 7 13 3 31 43 3 11 7
10000000000000000000001001000001 3 2 7 2 7 2 3 2 11
10000000000000000000001001000011 7 7 383 809 5 101 43 217 7
10000000000000000000001001000111 3 2 3 2 7 2 3 2 3
10000000000000000000001001001011 31 2 3 2 97 2 11 2 3
10000000000000000000001001001101 3 2 3 2 7 2 3 2 3
10000000000000000000001001010001 7 509 290137 2467 5 113 179 7 631
10000000000000000000001001010011 3 2 3 2 7 2 3 2 3
10000000000000000000001001010101 5 2 3 2 703 2 25 2 3
10000000000000000000001001010111 71 19 11927527 3701 4249438069 17 7 3931 41
10000000000000000000001001011001 3 2 3 2 217 2 3 2 3
10000000000000000000001001011011 11 13 31 1546837 293 37 7 43 53
10000000000000000000001001011101 19 17 7 29 11 8353 7 6569 31
10000000000000000000001001011111 3 2 11 2 7 2 3 2 11
10000000000000000000001001100101 3 2 3 2 7 2 3 2 3
10000000000000000000001001100111 1219 7 11 97 11 1342181 7 37 7
10000000000000000000001001101001 5 2 3 2 37 2 5 2 3
10000000000000000000001001101011 3 161753 7 3 8707 107 3 239 29
10000000000000000000001001110001 3 2 3 2 7 2 3 2 3
10000000000000000000001001110011 25 1093 43 19 2179 5 7 1093 239
10000000000000000000001001110111 3 2 5 2 7 2 3 2 11
10000000000000000000001001111011 7 2 1609 2 5309 2 733 2 157
10000000000000000000001001111101 3 2 5 2 217 2 3 2 7
10000000000000000000001001111111 13 11 3 17 5261 3 120779 222991 3
10000000000000000000001010000001 73 2 1999 2 149 2 41 2 149
10000000000000000000001010000011 3 703 7 3 5 11551 3 5748877 19
10000000000000000000001010000101 89 59 1861 7 25 31 29 37 1033
10000000000000000000001010000111 11 2 3 2 703 2 5 2 3
10000000000000000000001010001001 3 11 31 3 5 13 3 7 41
10000000000000000000001010001011 2579 2 3 2 15137 2 317 2 3
10000000000000000000001010001101 59 2 3 2 211 2 11 2 3
10000000000000000000001010010101 3 2 3 2 7 2 3 2 3
10000000000000000000001010011001 13 2 3 2 11 2 765827 2 3
10000000000000000000001010011011 3 79 137350597 3 3587 5 3 13 59
10000000000000000000001010011101 11 5 1019 173 22501 23 7 163 23
10000000000000000000001010011111 17 2 7 2 3389 2 1283 2 7
10000000000000000000001010100001 3 9643 73 3 5 307 3