Case #1:
10000000000000000000011111010011 17011 11 3 33613 6768493 3 1777 29 3
10000000000000000000011111010101 3 41 3 3 27077 3 3 71 3
10000000000000000000011111010111 7 2 17 2 25 2 25 2 1219
10000000000000000000011111011011 3 2 5 2 7 2 3 2 11
10000000000000000000011111011101 31 2 31 2 5 2 31 2 17
10000000000000000000011111011111 61 7 7 137 83 31 83 19 7
10000000000000000000011111100001 3 2 5 2 7 2 3 2 31
10000000000000000000011111100011 71 7 3 997 53 3 308467 7928927 3
10000000000000000000011111100101 7 13 3 31 43 3 73 7 3
10000000000000000000011111100111 3 2 5 2 7 2 3 2 11
10000000000000000000011111101011 25 2 17 2 5 2 5 2 379
10000000000000000000011111101101 3 2 5 2 7 2 3 2 11
10000000000000000000011111101111 17 11 1129 7 13 487 263 113 19
10000000000000000000011111110011 3 2 25 2 7 2 3 2 11
10000000000000000000011111110101 5 2 289 2 5 2 5 2 101
10000000000000000000011111111001 3 2 5 2 217 2 3 2 7
10000000000000000000011111111111 3 2 3 2 7 2 3 2 3
10000000000000000000100000000001 7 5 3 31 43 3 5 7 3
10000000000000000000100000000011 29 2 131 2 29 2 90917 2 19
10000000000000000000100000000101 3 2 25 2 7 2 3 2 11
10000000000000000000100000001111 7 2 3 2 43 2 73 2 3
10000000000000000000100000010001 3 2 5 2 7 2 3 2 11
10000000000000000000100000010101 13 5 673 773 5 1663 5 1907 23
10000000000000000000100000010111 3 2 3 2 7 2 3 2 3
10000000000000000000100000011001 157 817 151 13 25 544704341 137 79 59
10000000000000000000100000011011 31 2 3 2 569 2 8932694966119 2 3
10000000000000000000100000011101 3 2 3 2 217 2 3 2 3
10000000000000000000100000100001 7963 2 277 2 2971 2 431 2 7
10000000000000000000100000100101 2089 937 7103164547 52121 25 109 317 97 31
10000000000000000000100000100111 5 2 3 2 37 2 11 2 3
10000000000000000000100000101001 3 5 61 3 5 3587 3 863 3079
10000000000000000000100000101011 7 2 3 2 43 2 73 2 3
10000000000000000000100000101101 41 2 3 2 11 2 2083 2 3
10000000000000000000100000110001 5 31 853 7 5 5 199799 47 32443
10000000000000000000100000110011 11 2 3 2 1297 2 17 2 3
10000000000000000000100000110101 3 2 3 2 7 2 3 2 3
10000000000000000000100000110111 41527 19 11 29027 433607 47 7 149 17
10000000000000000000100000111001 7 2 3 2 817 2 73 2 3
10000000000000000000100000111011 3 271 67 3 113 5 3 92123513 1275365563
10000000000000000000100000111101 29 5 211 1831 17 6763 7 23 2103088441
10000000000000000000100001000001 3 2 5 2 7 2 3 2 11
10000000000000000000100001000011 223 563 71 41 125 113 83 1423 1027
10000000000000000000100001000111 3 2 3 2 7 2 3 2 3
10000000000000000000100001001001 11 197 11 353 485 13 37 23 9901
10000000000000000000100001001011 197 2 3 2 211 2 223 2 3
10000000000000000000100001001101 3 2 3 2 7 2 3 2 3
10000000000000000000100001001111 25 7 73 127 47 11 7 11 7
10000000000000000000100001010001 6079 7 107 23 5 11 125 11 7
10000000000000000000100001010011 3 2 3 2 7 2 3 2 3
10000000000000000000100001010101 7 2 3 2 43 2 31 2 3
10000000000000000000100001011001 3 2 3 2 7 2 3 2 3
10000000000000000000100001011011 113 11 19 359 41 438115240789 7 93749 29
10000000000000000000100001011111 3 2 5 2 7 2 3 2 11
10000000000000000000100001100001 6563 11 13 1789 5 73 271 1061 1231
10000000000000000000100001100011 7 2 3 2 97 2 5 2 3
10000000000000000000100001100101 3 2 3 2 7 2 3 2 3
10000000000000000000100001100111 127 1093 43 43 211 31 7 1093 13
10000000000000000000100001101001 313 2 3 2 14699 2 43 2 3
10000000000000000000100001110001 3 2 3 2 7 2 3 2 3
10000000000000000000100001110101 11 7 11 283 13 1387070036311 7 83758499369 7
10000000000000000000100001110111 3 2 5 2 7 2 3 2 11
10000000000000000000100001111101 3 2 5 2 7 2 3 2 11
10000000000000000000100001111111 7 13 3 31 43 3 73 7 3
10000000000000000000100010000001 25 2 23 2 13 2 23 2 199
10000000000000000000100010000011 3 5 577 3 5 443 3 154523 1181
10000000000000000000100010000111 103 2 3 2 70997 2 181 2 3
10000000000000000000100010001101 7 2 3 2 43 2 73 2 3
10000000000000000000100010001111 3 11 181 3 607 7547 3 79 197
10000000000000000000100010010101 3 2 3 2 7 2 3 2 3
10000000000000000000100010010111 31 7 7 8039 766109 769 7 224547949 7
10000000000000000000100010011001 19 2 3 2 1297 2 5 2 3
10000000000000000000100010011011 3 17 651251 3 71777 11 3 7 1223
10000000000000000000100010011111 5 2 31794683 2 58439 2 3429110837 2 31
10000000000000000000100010100001 3 25 12619 3 25 13 3 662551 59
10000000000000000000100010100111 3 103 67 3 263 1100381 3 53 449
10000000000000000000100010101001 7 2 3 2 43 2 73 2 3
10000000000000000000100010110001 169 2 3 2 17 2 11 2 3
10000000000000000000100010111011 37 2 71 2 23 2 17 2 23
10000000000000000000100010111101 5 2 41 2 79 2 283 2 1759
10000000000000000000100010111111 3 5 3 3 19317941 3 3 599 3
10000000000000000000100011000011 571 2 3 2 113 2 19 2 3
10000000000000000000100011000101 3 2 3 2 7 2 3 2 3
10000000000000000000100011000111 5 31 10211 71 151 5 7 34843 21751
10000000000000000000100011001011 3 43 97 3 97 13 3 11 19
10000000000000000000100011001111 181 2 13 2 157 2 5 2 23
10000000000000000000100011010001 3 2 3 2 7 2 3 2 3
10000000000000000000100011010111 3 2 5 2 7 2 3 2 11
10000000000000000000100011011011 5 2 7 2 334248497137 2 79 2 4867871
10000000000000000000100011011101 3 2 25 2 7 2 3 2 11
10000000000000000000100011011111 43 7 3 118154441 19 3 33037 701 3
10000000000000000000100011100001 7 2 3 2 43 2 73 2 3
10000000000000000000100011100011 3 7 271 3 389 8684881765589 3 1811 7
10000000000000000000100011100101 25 718741 19 162823 1190923 5 7 607 13
10000000000000000000100011101001 3 19 9900139 3 1109 283 3 4213708957 1354298969681051
10000000000000000000100011101111 3 13 3 3 43 3 3 7 3
10000000000000000000100011110101 3 2 5 2 7 2 3 2 11
10000000000000000000100011111001 11 2 817 2 115163 2 487 2 7
10000000000000000000100011111011 3 5 3 3 7321 3 3 113 3
10000000000000000000100011111101 7 13 3 31 11 3 73 7 3
10000000000000000000100011111111 13 2 41 2 5 2 289 2 19687
10000000000000000000100100000001 3 2 5 2 7 2 3 2 11
10000000000000000000100100000011 5 7 11 769 5 5 23 19 7
10000000000000000000100100000101 37 5 151 569 5 37 5 241 1289
10000000000000000000100100000111 3 2 3 2 7 2 3 2 3
10000000000000000000100100001011 7 2 3 2 43 2 163 2 3
10000000000000000000100100001101 3 2 3 2 7 2 3 2 3
10000000000000000000100100001111 11 5 11149 7 11 179 7 401 607
10000000000000000000100100010011 3 2 3 2 7 2 3 2 3
10000000000000000000100100010101 2297 2 3 2 271 2 1571 2 3
10000000000000000000100100011001 3 2 3 2 217 2 3 2 3
10000000000000000000100100011111 3 2 5 2 7 2 3 2 11
10000000000000000000100100100011 41 2 3 2 11 2 53 2 3
10000000000000000000100100100101 3 2 3 2 7 2 3 2 3
10000000000000000000100100100111 7 7 71 1453 236879 7759 7 7 7
10000000000000000000100100101001 79 2 3 2 24379 2 7417 2 3
10000000000000000000100100101011 3 31 379 3 211 5 3 17 97
10000000000000000000100100110001 3 2 3 2 7 2 3 2 3
10000000000000000000100100110011 13 1241 241 601 97 11 7 6481 23
10000000000000000000100100110111 3 2 7 2 7 2 3 2 11
10000000000000000000100100111011 11 2 3763517161 2 1049 2 31 2 19
10000000000000000000100100111101 3 2 5 2 217 2 3 2 7
10000000000000000000100101000011 3 2 3 2 7 2 3 2 3
10000000000000000000100101001001 3 2 3 2 7 2 3 2 3
10000000000000000000100101001011 727 7 8123 46729 17 89 7 307 7
10000000000000000000100101001101 13 73 241 17 97 31 7 107 2053
10000000000000000000100101001111 3 2 25 2 7 2 3 2 11
10000000000000000000100101010001 217 2 3 2 43 2 73 2 3
10000000000000000000100101010101 3 25 59 3 157 112072394341 3 617 43
10000000000000000000100101010111 19 2 1153 2 19 2 28371784147019 2 7
10000000000000000000100101011001 107 17 53 11 197 11 7 5523857 809
10000000000000000000100101011011 3 2 5 2 7 2 3 2 11
10000000000000000000100101011111 7 5 3 31 43 3 25 217 3
10000000000000000000100101100001 3 2 3 2 7 2 3 2 3
10000000000000000000100101100101 17 1093 7 7 1129 29 7 1093 239
10000000000000000000100101100111 3 2 5 2 7 2 3 2 11
10000000000000000000100101101001 23 5 149 571 29 23 7 109453 211
10000000000000000000100101101011 10987 2 83 2 117251 2 13459 2 59
10000000000000000000100101101101 3 2 5 2 7 2 3 2 11
10000000000000000000100101101111 109 7 3 11 3607 3 29 17 3
10000000000000000000100101110001 5 7 79 2635927981 4160333 5 7 813091 7
10000000000000000000100101110011 3 2 125 2 7 2 3 2 11
10000000000000000000100101111001 3 2 5 2 7 2 3 2 11
10000000000000000000100101111011 7 13 3 31 43 3 59 7 3
10000000000000000000100101111111 3 2 11 2 7 2 3 2 11
10000000000000000000100110000001 13 7 41227 169 5 283 289 31 7
10000000000000000000100110000011 587 2 3 2 53 2 3331 2 3
10000000000000000000100110000101 3 2 3 2 7 2 3 2 3
10000000000000000000100110001001 7 2 3 2 43 2 485 2 3
10000000000000000000100110001101 71 37 29 7 211 47 7 11 76777
10000000000000000000100110001111 31 2 37 2 813203 2 1385057 2 13
10000000000000000000100110010001 3 2 3 2 7 2 3 2 3
10000000000000000000100110010011 11 7 7 1709 19 506531 7 79 7
10000000000000000000100110010101 577 79 101 13 113400767 2634907049 7 18493 50069
10000000000000000000100110010111 3 2 5 2 7 2 3 2 11
10000000000000000000100110011001 5 18827671 97 41 10301 25 7 53 179
10000000000000000000100110011011 13 2 19 2 97 2 37 2 389
10000000000000000000100110011101 3 2 5 2 7 2 3 2 11
10000000000000000000100110100001 271 2 3 2 193 2 29 2 3
10000000000000000000100110100011 3 11779 288853 3 47 5 3 929