Case #1:
10000000000000000000000000000001 3 2 5 2 7 2 3 2 11
10000000000000000000000000000011 83 7 3 11 23 3 569 173 3
10000000000000000000000000000101 7 13 3 31 43 3 73 7 3
10000000000000000000000000000111 3 2 25 2 7 2 3 2 11
10000000000000000000000000001001 11 31 3 67 1152846547 3 5 89 3
10000000000000000000000000001101 3 2 5 2 7 2 3 2 11
10000000000000000000000000001111 13 149 197123 7 5 11 859 479 1021
10000000000000000000000000010001 5 67 3 43 4423 3 6197 127 3
10000000000000000000000000010011 3 2 5 2 7 2 3 2 11
10000000000000000000000000010101 29 2 397 2 193 2 11 2 13513
10000000000000000000000000011001 3 2 25 2 217 2 3 2 7
10000000000000000000000000011101 31 11 31 11 5 419 31 11 41
10000000000000000000000000011111 3 2 3 2 7 2 3 2 3
10000000000000000000000000100001 7 13 3 31 43 3 73 7 3
10000000000000000000000000100011 817 2 89 2 17 2 1180877 2 36473
10000000000000000000000000100101 3 2 11 2 7 2 3 2 11
10000000000000000000000000101001 13 2 24989 2 19571 2 59 2 2662067
10000000000000000000000000101011 3 163 19 3 5 151 3 149 1723
10000000000000000000000000101111 7 2 3 2 11 2 5 2 3
10000000000000000000000000110001 3 2 5 2 7 2 3 2 11
10000000000000000000000000110111 3 2 3 2 7 2 3 2 3
10000000000000000000000000111001 5 317 47 23 11 5 83 523 31
10000000000000000000000000111011 17 2 3 2 1297 2 17 2 3
10000000000000000000000000111101 3 2 3 2 217 2 3 2 3
10000000000000000000000001000011 3 2 5 2 7 2 3 2 11
10000000000000000000000001000101 373 2 563 2 10691179 2 139 2 7
10000000000000000000000001000111 709 17 19097 293 5 263 2663 137 67
10000000000000000000000001001001 3 2 7 2 7 2 3 2 11
10000000000000000000000001001011 7 7 11 223 5 103 113 7 217
10000000000000000000000001001111 3 2 3 2 7 2 3 2 3
10000000000000000000000001010011 181 29 7 7 5 11 65867307941 11 4559837
10000000000000000000000001010111 5 2 3 2 37 2 31 2 3
10000000000000000000000001011001 7 5 43992547 29 25 104717 11 7 8221
10000000000000000000000001011011 3 2 3 2 7 2 3 2 3
10000000000000000000000001011101 13 2 3 2 367 2 17 2 3
10000000000000000000000001100001 3 2 25 2 7 2 3 2 11
10000000000000000000000001100011 1933 11 1483423 127 5 1013 41 23 13
10000000000000000000000001100111 3 2 3 2 7 2 3 2 3
10000000000000000000000001101011 5 2 3 2 113 2 25 2 3
10000000000000000000000001101101 3 2 3 2 7 2 3 2 3
10000000000000000000000001101111 19 7 211 41 733 13 7 79 7
10000000000000000000000001110011 3 2 3 2 7 2 3 2 3
10000000000000000000000001110101 7 2 3 2 1591 2 5 2 3
10000000000000000000000001110111 11 1093 11 7 53 29 7 1093 239
10000000000000000000000001111001 3 2 3 2 7 2 3 2 3
10000000000000000000000001111101 173 7013 167 17 23879 97 7 83 5887084391
10000000000000000000000001111111 3 2 5 2 7 2 3 2 11
10000000000000000000000010000011 7 2 13 2 593 2 157 2 28031
10000000000000000000000010000101 3 2 5 2 7 2 3 2 11
10000000000000000000000010001001 5 2 2179 2 11 2 167 2 23
10000000000000000000000010001111 431 2 3 2 13 2 283 2 3
10000000000000000000000010010001 3 2 5 2 7 2 3 2 11
10000000000000000000000010010011 5 7 887 53 5 5 239 71 7
10000000000000000000000010010101 19 25 223 19 25 11 5 17 7417
10000000000000000000000010010111 3 2 3 2 7 2 3 2 3
10000000000000000000000010011001 31 11 217 11 5 37 31 11 41
10000000000000000000000010011011 23 2 3 2 727 2 138490739 2 3
10000000000000000000000010011101 3 2 3 2 7 2 3 2 3
10000000000000000000000010100001 17 2 11 2 19 2 599 2 81015785899
10000000000000000000000010100011 3 1429 463 3 125 41 3 541 17
10000000000000000000000010100111 5 2 3 2 37 2 5 2 3
10000000000000000000000010101011 13 2 3 2 349 2 25237 2 3
10000000000000000000000010101101 7 2 3 2 43 2 73 2 3
10000000000000000000000010110001 25 23 701 5503 5 5 163 43 19
10000000000000000000000010110011 11197 2 3 2 307 2 11 2 3
10000000000000000000000010110101 3 2 3 2 7 2 3 2 3
10000000000000000000000010110111 2207 7 7 83 67 241 7 31 7
10000000000000000000000010111001 11 2 3 2 28723 2 23 2 3
10000000000000000000000010111011 3 353 491 3 809 5 3 7 22060567
10000000000000000000000010111101 157 5 18143 8131644991 11 17 7 5838353 269
10000000000000000000011111010011 17011 11 3 33613 6768493 3 1777 29 3
10000000000000000000011111010101 3 41 3 3 27077 3 3 71 3
10000000000000000000011111010111 7 2 17 2 25 2 25 2 1219
10000000000000000000011111011011 3 2 5 2 7 2 3 2 11
10000000000000000000011111011101 31 2 31 2 5 2 31 2 17
10000000000000000000011111011111 61 7 7 137 83 31 83 19 7
10000000000000000000011111100001 3 2 5 2 7 2 3 2 31
10000000000000000000011111100011 71 7 3 997 53 3 308467 7928927 3
10000000000000000000011111100101 7 13 3 31 43 3 73 7 3
10000000000000000000011111100111 3 2 5 2 7 2 3 2 11
10000000000000000000011111101011 25 2 17 2 5 2 5 2 379
10000000000000000000011111101101 3 2 5 2 7 2 3 2 11
10000000000000000000011111101111 17 11 1129 7 13 487 263 113 19
10000000000000000000011111110011 3 2 25 2 7 2 3 2 11
10000000000000000000011111110101 5 2 289 2 5 2 5 2 101
10000000000000000000011111111001 3 2 5 2 217 2 3 2 7
10000000000000000000011111111111 3 2 3 2 7 2 3 2 3
10000000000000000000100000000001 7 5 3 31 43 3 5 7 3
10000000000000000000100000000011 29 2 131 2 29 2 90917 2 19
10000000000000000000100000000101 3 2 25 2 7 2 3 2 11
10000000000000000000100000001111 7 2 3 2 43 2 73 2 3
10000000000000000000100000010001 3 2 5 2 7 2 3 2 11
10000000000000000000100000010101 13 5 673 773 5 1663 5 1907 23
10000000000000000000100000010111 3 2 3 2 7 2 3 2 3
10000000000000000000100000011001 157 817 151 13 25 544704341 137 79 59
10000000000000000000100000011011 31 2 3 2 569 2 8932694966119 2 3
10000000000000000000100000011101 3 2 3 2 217 2 3 2 3
10000000000000000000100000100001 7963 2 277 2 2971 2 431 2 7
10000000000000000000100000100101 2089 937 7103164547 52121 25 109 317 97 31
10000000000000000000100000100111 5 2 3 2 37 2 11 2 3
10000000000000000000100000101001 3 5 61 3 5 3587 3 863 3079
10000000000000000000100000101011 7 2 3 2 43 2 73 2 3
10000000000000000000100000101101 41 2 3 2 11 2 2083 2 3
10000000000000000000100000110001 5 31 853 7 5 5 199799 47 32443
10000000000000000000100000110011 11 2 3 2 1297 2 17 2 3
10000000000000000000100000110101 3 2 3 2 7 2 3 2 3
10000000000000000000100000110111 41527 19 11 29027 433607 47 7 149 17
10000000000000000000100000111001 7 2 3 2 817 2 73 2 3
10000000000000000000100000111011 3 271 67 3 113 5 3 92123513 1275365563
10000000000000000000100000111101 29 5 211 1831 17 6763 7 23 2103088441
10000000000000000000100001000001 3 2 5 2 7 2 3 2 11
10000000000000000000100001000011 223 563 71 41 125 113 83 1423 1027
10000000000000000000100001000111 3 2 3 2 7 2 3 2 3
10000000000000000000100001001001 11 197 11 353 485 13 37 23 9901
10000000000000000000100001001011 197 2 3 2 211 2 223 2 3
10000000000000000000100001001101 3 2 3 2 7 2 3 2 3
10000000000000000000100001001111 25 7 73 127 47 11 7 11 7
10000000000000000000100001010001 6079 7 107 23 5 11 125 11 7
10000000000000000000100001010011 3 2 3 2 7 2 3 2 3
10000000000000000000100001010101 7 2 3 2 43 2 31 2 3
10000000000000000000100001011001 3 2 3 2 7 2 3 2 3
10000000000000000000100001011011 113 11 19 359 41 438115240789 7 93749 29
10000000000000000000100001011111 3 2 5 2 7 2 3 2 11
10000000000000000000100001100001 6563 11 13 1789 5 73 271 1061 1231
10000000000000000000100001100011 7 2 3 2 97 2 5 2 3
10000000000000000000100001100101 3 2 3 2 7 2 3 2 3
10000000000000000000100001100111 127 1093 43 43 211 31 7 1093 13
10000000000000000000100001101001 313 2 3 2 14699 2 43 2 3
10000000000000000000100001110001 3 2 3 2 7 2 3 2 3
10000000000000000000100001110101 11 7 11 283 13 1387070036311 7 83758499369 7
10000000000000000000100001110111 3 2 5 2 7 2 3 2 11
10000000000000000000100001111101 3 2 5 2 7 2 3 2 11
10000000000000000000100001111111 7 13 3 31 43 3 73 7 3
10000000000000000000100010000001 25 2 23 2 13 2 23 2 199
10000000000000000000100010000011 3 5 577 3 5 443 3 154523 1181
10000000000000000000100010000111 103 2 3 2 70997 2 181 2 3
10000000000000000000100010001101 7 2 3 2 43 2 73 2 3
10000000000000000000100010001111 3 11 181 3 607 7547 3 79 197
10000000000000000000100010010101 3 2 3 2 7 2 3 2 3
10000000000000000000100010010111 31 7 7 8039 766109 769 7 224547949 7
10000000000000000000100010011001 19 2 3 2 1297 2 5 2 3
10000000000000000000100010011011 3 17 651251 3 71777 11 3 7 1223
10000000000000000000100010011111 5 2 31794683 2 58439 2 3429110837 2 31
10000000000000000000100010100001 3 25 12619 3 25 13 3 662551 59
10000000000000000000100010100111 3 103 67 3 263 1100381 3 53 449
10000000000000000000100010101001 7 2 3 2 43 2 73 2 3
10000000000000000000100010110001 169 2 3 2 17 2 11 2 3
10000000000000000000100010111011 37 2 71 2 23 2 17 2 23
10000000000000000000100010111101 5 2 41 2 79 2 283 2 1759
10000000000000000000100010111111 3 5 3 3 19317941 3 3 599 3
10000000000000000000100011000011 571 2 3 2 113 2 19 2 3
10000000000000000000100011000101 3 2 3 2 7 2 3 2 3
10000000000000000000100011000111 5 31 10211 71 151 5 7 34843 21751
10000000000000000000100011001011 3 43 97 3 97 13 3 11 19
10000000000000000000100011001111 181 2 13 2 157 2 5 2 23
10000000000000000000100011010001 3 2 3 2 7 2 3 2 3
10000000000000000000100011010111 3 2 5 2 7 2 3 2 11
10000000000000000000100011011011 5 2 7 2 334248497137 2 79 2 4867871
10000000000000000000100011011101 3 2 25 2 7 2 3 2 11
10000000000000000000100011011111 43 7 3 118154441 19 3 33037 701 3
10000000000000000000100011100001 7 2 3 2 43 2 73 2 3
10000000000000000000100011100011 3 7 271 3 389 8684881765589 3 1811 7
10000000000000000000100011100101 25 718741 19 162823 1190923 5 7 607 13
10000000000000000000100011101001 3 19 9900139 3 1109 283 3 4213708957 1354298969681051
10000000000000000000100011101111 3 13 3 3 43 3 3 7 3
10000000000000000000100011110101 3 2 5 2 7 2 3 2 11
10000000000000000000100011111001 11 2 817 2 115163 2 487 2 7
10000000000000000000100011111011 3 5 3 3 7321 3 3 113 3
10000000000000000000100011111101 7 13 3 31 11 3 73 7 3
10000000000000000000100011111111 13 2 41 2 5 2 289 2 19687
10000000000000000000100100000001 3 2 5 2 7 2 3 2 11
10000000000000000000100100000011 5 7 11 769 5 5 23 19 7
10000000000000000000100100000101 37 5 151 569 5 37 5 241 1289
10000000000000000000100100000111 3 2 3 2 7 2 3 2 3
10000000000000000000100100001011 7 2 3 2 43 2 163 2 3
10000000000000000000100100001101 3 2 3 2 7 2 3 2 3
10000000000000000000100100001111 11 5 11149 7 11 179 7 401 607
10000000000000000000100100010011 3 2 3 2 7 2 3 2 3
10000000000000000000100100010101 2297 2 3 2 271 2 1571 2 3
10000000000000000000100100011001 3 2 3 2 217 2 3 2 3
10000000000000000000100100011111 3 2 5 2 7 2 3 2 11
10000000000000000000100100100011 41 2 3 2 11 2 53 2 3
10000000000000000000100100100101 3 2 3 2 7 2 3 2 3
10000000000000000000100100100111 7 7 71 1453 236879 7759 7 7 7
10000000000000000000100100101001 79 2 3 2 24379 2 7417 2 3
10000000000000000000100100101011 3 31 379 3 211 5 3 17 97
10000000000000000000100100110001 3 2 3 2 7 2 3 2 3
10000000000000000000100100110011 13 1241 241 601 97 11 7 6481 23
10000000000000000000100100110111 3 2 7 2 7 2 3 2 11
10000000000000000000100100111011 11 2 3763517161 2 1049 2 31 2 19
10000000000000000000100100111101 3 2 5 2 217 2 3 2 7
10000000000000000000100101000011 3 2 3 2 7 2 3 2 3
10000000000000000000100101001001 3 2 3 2 7 2 3 2 3
10000000000000000000100101001011 727 7 8123 46729 17 89 7 307 7
10000000000000000000100101001101 13 73 241 17 97 31 7 107 2053
10000000000000000000100101001111 3 2 25 2 7 2 3 2 11
10000000000000000000100101010001 217 2 3 2 43 2 73 2 3
10000000000000000000100101010101 3 25 59 3 157 112072394341 3 617 43
10000000000000000000100101010111 19 2 1153 2 19 2 28371784147019 2 7
10000000000000000000100101011001 107 17 53 11 197 11 7 5523857 809
10000000000000000000100101011011 3 2 5 2 7 2 3 2 11
10000000000000000000100101011111 7 5 3 31 43 3 25 217 3
10000000000000000000100101100001 3 2 3 2 7 2 3 2 3
10000000000000000000100101100101 17 1093 7 7 1129 29 7 1093 239
10000000000000000000100101100111 3 2 5 2 7 2 3 2 11
10000000000000000000100101101001 23 5 149 571 29 23 7 109453 211
10000000000000000000100101101011 10987 2 83 2 117251 2 13459 2 59
10000000000000000000100101101101 3 2 5 2 7 2 3 2 11
10000000000000000000100101101111 109 7 3 11 3607 3 29 17 3
10000000000000000000100101110001 5 7 79 2635927981 4160333 5 7 813091 7
11111111111111111111111111111111 3 2 5 2 7 2 3 2 11
11111111111111111111111111111001 3 2 3 2 7 2 3 2 3
11111111111111111111111111110101 7 2 3 2 5 2 5 2 3
11111111111111111111111111110011 3 2 3 2 7 2 3 2 3
11111111111111111111111111101101 3 2 3 2 7 2 3 2 3
11111111111111111111111111101011 25 2 3 2 5 2 5 2 3
11111111111111111111111111101001 10847 997 109 11 11 31 129953 3121 3049
11111111111111111111111111100111 3 2 3 2 7 2 3 2 3
11111111111111111111111111100101 277 67 11 7 173 1259 29 1724581 1973
11111111111111111111111111100011 107 1427 331 173 3779 2237 59 6733 13
11111111111111111111111111100001 3 2 5 2 7 2 3 2 11
11111111111111111111111111011101 31 2 3 2 5 2 31 2 3
11111111111111111111111111011011 3 2 3 2 7 2 3 2 3
11111111111111111111111111010111 5 2 3 2 5 2 125 2 3
11111111111111111111111111010001 269 2 1999 2 19 2 7 2 150559
11111111111111111111111111001111 3 2 3 2 7 2 3 2 3
11111111111111111111111111001101 5 107 173 34515427 59 5 937 37 2693
11111111111111111111111111001011 7 7 547 101 677 1213 419 7 7
11111111111111111111111111001001 3 2 7 2 7 2 3 2 11
11111111111111111111111111000011 3 2 5 2 7 2 3 2 11
11111111111111111111111111000001 19 421559 3 7 73 3 149 23 3
11111111111111111111111110111101 3 2 3 2 217 2 3 2 3
11111111111111111111111110111011 17 2 3 2 5 2 17 2 3
11111111111111111111111110110111 3 2 3 2 7 2 3 2 3
11111111111111111111111110110101 109 149 1984181 3917 11 337 83 11 2053
11111111111111111111111110110011 83 5 4729 821 19 4065013 5 32086409 307
11111111111111111111111110110001 3 2 25 2 7 2 3 2 11
11111111111111111111111110101111 7 2 3 2 5 2 5 2 3
11111111111111111111111110101011 3 1567 46451 3 862241 167 3 227 97
11111111111111111111111110101001 13 2 11 2 139 2 7 2 230186149
11111111111111111111111110100111 47 7 11 223 13 1847 1420758341 853 7
11111111111111111111111110100101 3 2 5 2 7 2 3 2 11
11111111111111111111111110100011 157 2 2903 2 23 2 7 2 21540873037133
11111111111111111111111110100001 7 13 3 31 43 3 73 217 3
11111111111111111111111110011111 3 2 3 2 7 2 3 2 3
11111111111111111111111110011011 5 23 7 7109 11 11 269 277 1134421
11111111111111111111111110011001 3 2 5 2 217 2 3 2 7
11111111111111111111111110010111 73 19 89 97 281 1871 59 503 761
11111111111111111111111110010011 3 2 5 2 7 2 3 2 31
11111111111111111111111110010001 5 43291 3 4816649 23 3 7173881775083 337 3
11111111111111111111111110001101 3 2 25 2 7 2 3 2 11
11111111111111111111111110001011 131 2 29 2 85093 2 7 2 17
11111111111111111111111110001001 41 5 3 211 7400751511 3 25 19 3
11111111111111111111111110000111 3 2 5 2 7 2 3 2 11
11111111111111111111111110000101 7 13 3 31 43 3 11 7 3
11111111111111111111111110000001 3 2 5 2 7 2 3 2 11
11111111111111111111111101111101 5 2 3 2 5 2 5 2 3
11111111111111111111111101111011 3 2 3 2 7 2 3 2 3
11111111111111111111111101110111 7 2 3 2 5 2 1241 2 3
11111111111111111111111101110101 3 113 9709148101 3 157 523 3 19841 283
11111111111111111111111101110001 127 2 43 2 17 2 7 2 239
11111111111111111111111101101111 3 2 3 2 7 2 3 2 3
11111111111111111111111101101101 11 89 7 11 4237279 13 311 12343 503
11111111111111111111111101101001 3 2 5 2 7 2 3 2 11
11111111111111111111111101100101 37 2 421 2 193 2 7 2 30307
11111111111111111111111101100011 3 2 5 2 7 2 3 2 11
11111111111111111111111101011111 5 2 3 2 11 2 5 2 3
11111111111111111111111101011101 3 7 13 3 31 43 3 73 7
11111111111111111111111101011011 7 3079 53 181 251 23 19087 7 83
11111111111111111111111101011001 67 2 7 2 61 2 7 2 643
11111111111111111111111101010111 3 11 6679 3 37993 13 3 23 113
11111111111111111111111101010101 125 2 17 2 37 2 7 2 59
11111111111111111111111101010001 3 147263 3 3 82373 3 3 11 3
11111111111111111111111101001111 19 12391163 280717007 7933 41 11 229 11 61
11111111111111111111111101001101 7 2 7128973 2 23 2 7 2 31
11111111111111111111111101001011 3 2 7 2 7 2 3 2 11
11111111111111111111111101001001 47 11 3 23 383 3 919 127 3
11111111111111111111111101000011 2011 149 3 7 6367 3 11 43 3
11111111111111111111111101000001 11 2 11 2 97 2 5 2 101
11111111111111111111111100111111 3 2 3 2 217 2 3 2 3
11111111111111111111111100111101 23603 11 457 17 991 31 3271 2381 107
11111111111111111111111100111001 3 2 5 2 7 2 3 2 11
11111111111111111111111100110101 379 2 229 2 158233 2 7 2 556021
11111111111111111111111100110011 3 2 5 2 7 2 3 2 11
11111111111111111111111100110001 7 5 3 31 11 3 25 7 3
11111111111111111111111100101101 3 2 11 2 217 2 3 2 7
11111111111111111111111100101011 11 2 1171 2 285421 2 7 2 131
11111111111111111111111100100111 3 2 5 2 7 2 3 2 11
11111111111111111111111100100101 23 53 3 7565378501 13 3 10987 72724060231 3
11111111111111111111111100100011 217 169 3 31 43 3 73 7 3
11111111111111111111111100100001 3 2 5 2 7 2 3 2 11
11111111111111111111111100011111 65551 11958607 787 67 29 15378637 89 12437 875652121
11111111111111111111111100011011 3 2 5 2 217 2 3 2 7
11111111111111111111111100011001 5 37 3 11 457 3 281 233 3
11111111111111111111111100010111 5591 2 23 2 13 2 7 2 17
11111111111111111111111100010101 3 7 3 3 31 3 3 7 3
11111111111111111111111100010011 2447 25 3 432781 101 3 5 11 3
11111111111111111111111100010001 17 2 257 2 1297 2 17 2 73
11111111111111111111111100001111 3 2 5 2 7 2 3 2 11
11111111111111111111111100001101 13 1123 3 5056543 19 3 1933 31 3
11111111111111111111111100001011 199 11 3 4457 61 3 41 3943448323 3
11111111111111111111111100001001 3 2 25 2 217 2 3 2 7
11111111111111111111111100000111 7 13 3 31 43 3 73 7 3
11111111111111111111111100000101 5 2 17 2 37 2 25 2 101
11111111111111111111111100000011 3 2 11 2 7 2 3 2 11
11111111111111111111111100000001 401 19 23 43 5 5743 11 257 23
11111111111111111111111011111101 3 2 3 2 7 2 3 2 3
11111111111111111111111011111011 5 2 3 2 11 2 125 2 3
11111111111111111111111011110111 3 2 3 2 7 2 3 2 3
11111111111111111111111011110011 13 11087 7 19 167 313 11 11 106331
11111111111111111111111011110001 3 2 11 2 7 2 3 2 11
11111111111111111111111011101111 17 2 3 2 25 2 11 2 3
11111111111111111111111011101101 11743 25 11 23 295388919061 11 5 23 31
11111111111111111111111011101001 11 2 7 2 29 2 7 2 7
11111111111111111111111011100101 3 2 5 2 7 2 3 2 11
11111111111111111111111011100001 79 11 3 83 11 3 47 564376487 3
11111111111111111111111011011111 3 2 3 2 7 2 3 2 3
11111111111111111111111011011101 7 97 3461 9029 83 5 191 7 53
11111111111111111111111011011001 3 2 125 2 7 2 3 2 11
11111111111111111111111011010111 263 683 217 7 151 79 499 743 71
11111111111111111111111011010011 3 2 5 2 7 2 3 2 11
11111111111111111111111011010001 37 7 3 11 13 3 232669 1091 3
11111111111111111111111011001111 7 7 167 367 4153 131 25 7 7
11111111111111111111111011001101 3 2 7 2 7 2 3 2 11
11111111111111111111111011001011 7537 2 23 2 271 2 7 2 397
11111111111111111111111011001001 5 61 3 181 345869 3 5011 51770783 3
11111111111111111111111011000111 3 2 25 2 7 2 3 2 11
11111111111111111111111011000011 43 317 3 251 751 3 5879 15527 3
11111111111111111111111011000001 3 2 5 2 7 2 3 2 11
11111111111111111111111010111111 25 2 3 2 5 2 5 2 3
11111111111111111111111010111011 3 2551 7 3 199 29 3 23 23768663
11111111111111111111111010111001 97169 2 1966907 2 11 2 7 2 5964653
11111111111111111111111010110101 3 2 5 2 7 2 3 2 11
11111111111111111111111010110011 7 2 11 2 233 2 7 2 7
11111111111111111111111010110001 29 23 3 7 927653 3 11 107 3
11111111111111111111111010101111 3 179 11 3 11 23 3 37 83
11111111111111111111111010101011 5 2 17 2 37 2 7 2 73
11111111111111111111111010101001 3 19 3 3 19 3 3 1514622603583 3
11111111111111111111111010100101 7 13 3 31 43 3 73 7 3
11111111111111111111111010100011 3 11 3 3 13 3 3 359323 3
11111111111111111111111010100001 5 2 31 2 37 2 5 2 7
11111111111111111111111010011101 3 2 5 2 217 2 3 2 7
11111111111111111111111010011011 23 2 1609 2 241 2 7 2 103
11111111111111111111111010010111 3 2 5 2 7 2 3 2 11
11111111111111111111111010010011 41 499 3 11 11 3 15505491233783 62587711 3
11111111111111111111111010010001 3 2 7 2 7 2 3 2 11
11111111111111111111111010001011 3 773 3 3 659 3 3 1867 3
11111111111111111111111010001001 7 2 73 2 13 2 17 2 23
11111111111111111111111010000111 37 7 3 17 47 3 2917 11 3
11111111111111111111111010000101 3 2 25 2 7 2 3 2 11
11111111111111111111111010000011 5 2 7 2 37 2 5 2 101
11111111111111111111111010000001 311 223 44959753 19 5 79869653 50261 43 79
11111111111111111111111001111111 3 2 3 2 7 2 3 2 3
11111111111111111111111001111011 7 821039 330294571 7 5216749 1697 107 7 41
11111111111111111111111001111001 3 2 7 2 7 2 3 2 11
11111111111111111111111001110101 113783 2 11 2 2254819481 2 7 2 104074981
11111111111111111111111001110011 3 2 31 2 7 2 3 2 11
11111111111111111111111001101111 5 3803 187631 1327 289 5 397 95101 67
11111111111111111111111001101101 3 2 25 2 7 2 3 2 11
11111111111111111111111001101011 19 2 7 2 13 2 7 2 7
11111111111111111111111001101001 31 109 3 7 144969947 3 59 77839 3
11111111111111111111111001100111 3 2 5 2 7 2 3 2 11
11111111111111111111111001100011 53 5 3 61151 52008653891 3 31 97 3
11111111111111111111111001100001 3 2 5 2 7 2 3 2 11
11111111111111111111111001011111 7 11 19939973 89 61 87133 8443 7 851471
11111111111111111111111001011011 3 2 5 2 7 2 3 2 11
11111111111111111111111001010111 13 2 167627 2 11 2 7 2 1087
11111111111111111111111001010101 3 2441 3 3 4942325611 3 3 3683 3
11111111111111111111111001010011 1223 7 3 233 19 3 881 53 3
11111111111111111111111001010001 7 2 17 2 37 2 5 2 53
11111111111111111111111001001111 3 2 7 2 7 2 3 2 11
11111111111111111111111001001001 3 2 11 2 7 2 3 2 11
11111111111111111111111001000111 5 59 3 7 13 3 173 20543 3
11111111111111111111111001000101 19 2 257 2 1297 2 17 2 73
11111111111111111111111001000011 3 2 25 2 7 2 3 2 11
11111111111111111111111001000001 41 7 7 653 5 151 23 1521475429 7
11111111111111111111111000111101 3 2 5 2 7 2 3 2 11
11111111111111111111111000111011 223 2 251 2 65713 2 7 2 149
11111111111111111111111000111001 11 7 3 23 162878494231 3 71648122087 223 3
11111111111111111111111000110111 3 2 11 2 7 2 3 2 11
11111111111111111111111000110101 7 13 3 31 43 3 23 7 3
11111111111111111111111000110011 5 347 3 7 67 3 77960389147 37 3
11111111111111111111111000110001 3 2 5 2 7 2 3 2 11
11111111111111111111111000101011 3 221303 3 3 11 3 3 211 3
11111111111111111111111000101001 25 2 17 2 37 2 31 2 127
11111111111111111111111000100111 7 11 3 31 43 3 11 7 3
11111111111111111111111000100101 3 2 31 2 7 2 3 2 11
11111111111111111111111000100011 11 2 89 2 1297 2 17 2 7
11111111111111111111111000011111 3 2 5 2 217 2 3 2 7
11111111111111111111111000011001 3 2 5 2 7 2 3 2 11
11111111111111111111111000010111 43 47 3 11 79 3 113 317 3
11111111111111111111111000010101 5 2 17 2 11 2 5 2 29
11111111111111111111111000010011 3 2 7 2 7 2 3 2 11
11111111111111111111111000010001 23 8509 182339 68163631 5 337 30415493453 1283 28563737
11111111111111111111111000001101 3 2 5 2 217 2 3 2 7
11111111111111111111111000001011 7 2 11 2 37 2 5 2 43
11111111111111111111111000001001 13 23 7 17 5 37 229 241 560047
11111111111111111111111000000111 3 2 5 2 7 2 3 2 11
11111111111111111111111000000101 85199 31 317 29 5 31 8470829 25594405412447 18301
11111111111111111111111000000001 3 2 3 2 7 2 3 2 3
11111111111111111111110111111101 7 2 3 2 5 2 97 2 3
11111111111111111111110111111011 3 2 3 2 7 2 3 2 3
11111111111111111111110111111001 19 7 7841 11 338753 23 5 1789 7
11111111111111111111110111110111 11 2 3 2 25 2 5 2 3
11111111111111111111110111110101 3 27091 11 3 281 1889 3 101 107
11111111111111111111110111110011 37 163 149 523 109 331 239 157 313
11111111111111111111110111101111 3 2 3 2 7 2 3 2 3
11111111111111111111110111101101 31 12583 181 7 7300487 485 439 17 1861
11111111111111111111110111101001 3 2 31 2 7 2 3 2 11
11111111111111111111110111100101 739 2 409 2 1231569179 2 7 2 13
11111111111111111111110111100011 3 2 25 2 7 2 3 2 7
11111111111111111111110111100001 7 13 3 31 817 3 23 7 3
11111111111111111111110111011111 17 2 3 2 5 2 17 2 3
11111111111111111111110111011011 317 5 7 7 709 5233 5 11 148579
11111111111111111111110111011001 5 2 571 2 103 2 7 2 199
11111111111111111111110111010011 7 2 1423 2 107 2 7 2 13
11111111111111111111110111010001 3 5 3 3 1289 3 3 353 3
11111111111111111111110111001101 4831 2 295429 2 19 2 7 2 7
11111111111111111111110111001011 3 2 5 2 7 2 3 2 11
11111111111111111111110111001001 29 389 3 7 1283 3 29 267187 3
11111111111111111111110111000101 3 13 3 3 43 3 3 7 3
11111111111111111111110111000001 43 2 79 2 337609 2 41 2 13
11111111111111111111110110111111 3 2 3 2 7 2 3 2 3
11111111111111111111110110111011 5 83 459115511 11 76561 5 29 37 61
11111111111111111111110110111001 3 2 11 2 7 2 3 2 11
11111111111111111111110110110111 7 23 11 7 374481931 31751 1055399 7 139
11111111111111111111110110110101 11 2 67 2 5059 2 7 2 509
11111111111111111111110110110011 3 2 7 2 7 2 3 2 11
11111111111111111111110110101101 3 2 5 2 7 2 3 2 11
11111111111111111111110110101011 281 2 31 2 103 2 7 2 311
11111111111111111111110110101001 7 5 3 31 169 3 11 7 3
11111111111111111111110110100111 3 2 5 2 7 2 3 2 11
11111111111111111111110110100001 3 2 125 2 7 2 3 2 11
11111111111111111111110110011101 5 2 407527 2 29 2 7 2 53
11111111111111111111110110011011 3 2 25 2 7 2 3 2 11
11111111111111111111110110010111 97 2 7 2 317 2 7 2 7
11111111111111111111110110010101 3 5 3 3 253026443 3 3 373 3
11111111111111111111110110010011 25 233 3 7 1759 3 934230877 31 3
11111111111111111111110110001111 3 2 5 2 7 2 3 2 11
11111111111111111111110110001101 7 11 3 31 43 3 73 7 3
11111111111111111111110110001001 3 2 5 2 7 2 3 2 11
11111111111111111111110110000111 13 2543 3 11 101 3 41 113 3
11111111111111111111110110000011 3 2 5 2 7 2 3 2 11
11111111111111111111110101111111 7 2 3 2 5 2 11 2 3
11111111111111111111110101111101 3 47 83 3 19 73 3 6422446288673 47
11111111111111111111110101111001 17 2 24133 2 157 2 7 2 367
11111111111111111111110101110111 3 239 61 3 175963673 56731 3 103 1180891
11111111111111111111110101110101 5 2 817 2 37 2 7 2 7
11111111111111111111110101110011 11 2 13 2 5460197 2 7 2 83
11111111111111111111110101110001 3 13 3 3 43 3 3 7 3
11111111111111111111110101101101 13 2 31 2 151 2 7 2 338687
11111111111111111111110101101011 3 2 11 2 7 2 3 2 11
11111111111111111111110101101001 2791 7 3 103 79 3 400249 109469 3
11111111111111111111110101100111 13729 2 37 2 13 2 7 2 13
11111111111111111111110101100101 3 17 3 3 23 3 3 17 3
11111111111111111111110101100011 7 13 3 31 11 3 73 7 3
11111111111111111111110101100001 125 2 13 2 37 2 5 2 29
11111111111111111111110101011111 3 556261 12263 3 139 12184147511 3 11 85447
11111111111111111111110101011101 11 2 313 2 197 2 7 2 19
11111111111111111111110101010111 5 2 17 2 37 2 7 2 53
11111111111111111111110101010101 7 13 3 31 43 3 73 7 3
11111111111111111111110101010011 3 13646419 3 3 41 3 3 29 3
11111111111111111111110101010001 193 2 11 2 13550903 2 11 2 7
11111111111111111111110101001111 73 2 151 2 11 2 7 2 7
11111111111111111111110101001101 3 59 3 3 13 3 3 211 3
11111111111111111111110101001011 41 19 3 7 23 3 619 577 3
11111111111111111111110101001001 9221 2 277 2 601 2 143315905660561 2 67
11111111111111111111110101000111 3 13 3 3 43 3 3 7 3
11111111111111111111110101000011 5 2 19 2 37 2 5 2 13
11111111111111111111110101000001 3 23 32321 3 25 11 3 31 31
11111111111111111111110100111101 233 2 11 2 109 2 7 2 29
11111111111111111111110100111011 3 2 5 2 7 2 3 2 11
11111111111111111111110100111001 7 13 3 31 43 3 73 7 3
11111111111111111111110100110101 3 17800331 3 3 17 3 3 73589 3
11111111111111111111110100110011 31 7 3 23 169 3 5 19 3
11111111111111111111110100110001 11 2 182736941 2 201961 2 31 2 47
11111111111111111111110100101111 3 2 31 2 7 2 3 2 11
11111111111111111111110100101011 7 13 3 31 43 3 43 7 3
11111111111111111111110100101001 3 2 5 2 7 2 3 2 31
11111111111111111111110100100101 5 2 17 2 37 2 5 2 53
11111111111111111111110100100011 3 2 5 2 7 2 3 2 11
11111111111111111111110100100001 36067 7 96281 78645887 11 314917 102621050272061 239 7
11111111111111111111110100011111 13 2 97 2 1078537 2 7 2 5270037569
11111111111111111111110100011101 3 7 3 3 31 3 3 7 3
11111111111111111111110100011011 11 31 3 576460933 29 3 11 4943 3
11111111111111111111110100010111 3 5297 3 3 23 3 3 1096133 3
11111111111111111111110100010101 30229 2 61 2 159629 2 2287 2 17
11111111111111111111110100010011 17 2 11 2 1297 2 17 2 73
11111111111111111111110100010001 3 16657 79 3 5 5 3 83 53
10000000000000000001001101100111 5 37 3 23 1553 3 47 1117 3
10000000000000000001001101101001 3 2 5 2 7 2 3 2 11
10000000000000000001001101101101 37 729473 3 197 197 3 101 2017 3
10000000000000000001001101101111 3 2 5 2 7 2 3 2 11
10000000000000000001001101110001 125 2 838889 2 251 2 5347 2 19
10000000000000000001001101110101 3 5 3 3 23 3 3 107 3
10000000000000000001001101111001 23 983 3 22573 29 3 29 29 3
10000000000000000001001101111011 3 2 7 2 7 2 3 2 11
10000000000000000001001101111101 217 2 31 2 5 2 31 2 73
10000000000000000001001110000001 3 2 3 2 7 2 3 2 3
10000000000000000001001110000111 3 2 5 2 7 2 3 2 7
